1 0.000000 1.600289
2 1.000000 1.600368
3 1.000000 1.598355
4 1.000000 1.596378
5 1.000000 1.594688
6 1.000000 1.594359
7 2.000000 1.594059
8 2.000000 1.593974
9 2.000000 1.592195
10 2.000000 1.590857
11 2.000000 1.589469
12 3.000000 1.588710
13 3.000000 1.589298
14 3.000000 1.589521
15 3.000000 1.588847
16 3.000000 1.587563
17 4.000000 1.587904
18 4.000000 1.588821
19 4.000000 1.588731
20 4.000000 1.588968
21 4.000000 1.589494
22 4.000000 1.587938
23 5.000000 1.585768
24 5.000000 1.585396
25 5.000000 1.583018
26 5.000000 1.582524
27 5.000000 1.582270
28 6.000000 1.580960
29 6.000000 1.580884
30 6.000000 1.577862
31 6.000000 1.576952
32 6.000000 1.576763
33 7.000000 1.574858
34 7.000000 1.573309
35 7.000000 1.571274
36 7.000000 1.570463
37 7.000000 1.568821
38 8.000000 1.566551
39 8.000000 1.562941
40 8.000000 1.561761
41 8.000000 1.558285
42 8.000000 1.557301
43 8.000000 1.556577
44 9.000000 1.555719
45 9.000000 1.553980
46 9.000000 1.550760
47 9.000000 1.547913
48 9.000000 1.544919
49 10.000000 1.542153
50 10.000000 1.539849
51 10.000000 1.538235
52 10.000000 1.537278
53 10.000000 1.535629
54 11.000000 1.534766
55 11.000000 1.534148
56 11.000000 1.533472
57 11.000000 1.531753
58 11.000000 1.531183
59 11.000000 1.529861
60 12.000000 1.529266
61 12.000000 1.528812
62 12.000000 1.526604
63 12.000000 1.526023
64 12.000000 1.524116
65 13.000000 1.523109
66 13.000000 1.521496
67 13.000000 1.520846
68 13.000000 1.520028
69 13.000000 1.519211
70 14.000000 1.518715
71 14.000000 1.518545
72 14.000000 1.518776
73 14.000000 1.517858
74 14.000000 1.517727
75 15.000000 1.517689
76 15.000000 1.517942
77 15.000000 1.516085
78 15.000000 1.515725
79 15.000000 1.514541
80 15.000000 1.513993
81 16.000000 1.513735
82 16.000000 1.513601
83 16.000000 1.511663
84 16.000000 1.508407
85 16.000000 1.507304
86 17.000000 1.506854
87 17.000000 1.506604
88 17.000000 1.504711
89 17.000000 1.504301
90 17.000000 1.503776
91 18.000000 1.503505
92 18.000000 1.503398
93 18.000000 1.501967
94 18.000000 1.501729
95 18.000000 1.500761
96 19.000000 1.499877
97 19.000000 1.499511
98 19.000000 1.499330
99 19.000000 1.499147
100 19.000000 1.499043
101 19.000000 1.498209
102 20.000000 1.497149
103 20.000000 1.496761
104 20.000000 1.496593
105 20.000000 1.496185
106 20.000000 1.496103
107 21.000000 1.495207
108 21.000000 1.495065
109 21.000000 1.495006
110 21.000000 1.494859
111 21.000000 1.494815
112 22.000000 1.493748
113 22.000000 1.493526
114 22.000000 1.492850
115 22.000000 1.492117
116 22.000000 1.490346
117 23.000000 1.489927
118 23.000000 1.489557
119 23.000000 1.488270
120 23.000000 1.488260
121 23.000000 1.488369
122 24.000000 1.488868
123 24.000000 1.489212
124 24.000000 1.489488
125 24.000000 1.489847
126 24.000000 1.488742
127 24.000000 1.487959
128 25.000000 1.487484
129 25.000000 1.485550
130 25.000000 1.485231
131 25.000000 1.484829
132 25.000000 1.484343
133 26.000000 1.484320
134 26.000000 1.484245
135 26.000000 1.484284
136 26.000000 1.484325
137 26.000000 1.482019
138 27.000000 1.479757
139 27.000000 1.479195
140 27.000000 1.478778
141 27.000000 1.478953
142 27.000000 1.478570
143 28.000000 1.478478
144 28.000000 1.478677
145 28.000000 1.478827
146 28.000000 1.479375
147 28.000000 1.479358
148 28.000000 1.479534
149 29.000000 1.479630
150 29.000000 1.477973
151 29.000000 1.477995
152 29.000000 1.478038
153 29.000000 1.478064
154 30.000000 1.476892
155 30.000000 1.474439
156 30.000000 1.471325
157 30.000000 1.470551
158 30.000000 1.466911
159 31.000000 1.464741
160 31.000000 1.464080
161 31.000000 1.463462
162 31.000000 1.461435
163 31.000000 1.457931
164 31.000000 1.456325
165 32.000000 1.455497
166 32.000000 1.452721
167 32.000000 1.448632
168 32.000000 1.448005
169 32.000000 1.445393
170 33.000000 1.443723
171 33.000000 1.442827
172 33.000000 1.440482
173 33.000000 1.439613
174 33.000000 1.438045
175 34.000000 1.435475
176 34.000000 1.435144
177 34.000000 1.431997
178 34.000000 1.430318
179 34.000000 1.429464
180 35.000000 1.427378
181 35.000000 1.426839
182 35.000000 1.426349
183 35.000000 1.424147
184 35.000000 1.423447
185 36.000000 1.423125
186 36.000000 1.422151
187 36.000000 1.420344
188 36.000000 1.419627
189 36.000000 1.419232
190 36.000000 1.417901
191 37.000000 1.417483
192 37.000000 1.417126
193 37.000000 1.415395
194 37.000000 1.414349
195 37.000000 1.413324
196 38.000000 1.411035
197 38.000000 1.409384
198 38.000000 1.409163
199 38.000000 1.408768
200 38.000000 1.408414
201 39.000000 1.408281
202 39.000000 1.408099
203 39.000000 1.407545
204 39.000000 1.406380
205 39.000000 1.405660
206 40.000000 1.405396
207 40.000000 1.403458
208 40.000000 1.403007
209 40.000000 1.402713
210 40.000000 1.402439
211 40.000000 1.402397
212 41.000000 1.402342
213 41.000000 1.402583
214 41.000000 1.401379
215 41.000000 1.401191
216 41.000000 1.401327
217 42.000000 1.401340
218 42.000000 1.400511
219 42.000000 1.399302
220 42.000000 1.399273
221 42.000000 1.399384
222 43.000000 1.399355
223 43.000000 1.397355
224 43.000000 1.395950
225 43.000000 1.394716
226 43.000000 1.394278
227 44.000000 1.393919
228 44.000000 1.393724
229 44.000000 1.393594
230 44.000000 1.393563
231 44.000000 1.392822
232 44.000000 1.392539
233 45.000000 1.392497
234 45.000000 1.392435
235 45.000000 1.392652
236 45.000000 1.391395
237 45.000000 1.391333
238 46.000000 1.390267
239 46.000000 1.390138
240 46.000000 1.390043
241 46.000000 1.388930
242 46.000000 1.386791
243 47.000000 1.383548
244 47.000000 1.383000
245 47.000000 1.382629
246 47.000000 1.381283
247 47.000000 1.380892
248 48.000000 1.380425
249 48.000000 1.377638
250 48.000000 1.377210
251 48.000000 1.376705
252 48.000000 1.376337
253 48.000000 1.375372
254 49.000000 1.374880
255 49.000000 1.374687
256 49.000000 1.374513
257 49.000000 1.374969
258 49.000000 1.375248
259 50.000000 1.375533
260 50.000000 1.375836
261 50.000000 1.376030
262 50.000000 1.375559
263 50.000000 1.375293
264 51.000000 1.374842
265 51.000000 1.373529
266 51.000000 1.373214
267 51.000000 1.372492
268 51.000000 1.371909
269 52.000000 1.371497
270 52.000000 1.368972
271 52.000000 1.367252
272 52.000000 1.366800
273 52.000000 1.365824
274 52.000000 1.365233
275 53.000000 1.364099
276 53.000000 1.360225
277 53.000000 1.359334
278 53.000000 1.356592
279 53.000000 1.354387
280 54.000000 1.352088
281 54.000000 1.351247
282 54.000000 1.350484
283 54.000000 1.348726
284 54.000000 1.347971
285 55.000000 1.345958
286 55.000000 1.343597
287 55.000000 1.342743
288 55.000000 1.340874
289 55.000000 1.338726
290 55.000000 1.336161
291 56.000000 1.335474
292 56.000000 1.333810
293 56.000000 1.332811
294 56.000000 1.332423
295 56.000000 1.331510
296 57.000000 1.331283
297 57.000000 1.330474
298 57.000000 1.328437
299 57.000000 1.327833
300 57.000000 1.326686
301 58.000000 1.326357
302 58.000000 1.326000
303 58.000000 1.323730
304 58.000000 1.323323
305 58.000000 1.321147
306 59.000000 1.319027
307 59.000000 1.317800
308 59.000000 1.317121
309 59.000000 1.314392
310 59.000000 1.313581
311 59.000000 1.313188
312 60.000000 1.310526
313 60.000000 1.308178
314 60.000000 1.307017
315 60.000000 1.304291
316 60.000000 1.303017
317 61.000000 1.301433
318 61.000000 1.300874
319 61.000000 1.300063
320 61.000000 1.299123
321 61.000000 1.298639
322 62.000000 1.298016
323 62.000000 1.297556
324 62.000000 1.297167
325 62.000000 1.296886
326 62.000000 1.296288
327 63.000000 1.296033
328 63.000000 1.295027
329 63.000000 1.294337
330 63.000000 1.293647
331 63.000000 1.291943
332 63.000000 1.290842
333 64.000000 1.288735
334 64.000000 1.288398
335 64.000000 1.286117
336 64.000000 1.284823
337 64.000000 1.284170
338 65.000000 1.283332
339 65.000000 1.281599
340 65.000000 1.280497
341 65.000000 1.279384
342 65.000000 1.276932
343 66.000000 1.275489
344 66.000000 1.275098
345 66.000000 1.273814
346 66.000000 1.273477
347 66.000000 1.271164
348 67.000000 1.270319
349 67.000000 1.269905
350 67.000000 1.269257
351 67.000000 1.268924
352 67.000000 1.268634
353 67.000000 1.268418
354 68.000000 1.267732
355 68.000000 1.267481
356 68.000000 1.266983
357 68.000000 1.266957
358 68.000000 1.265285
359 69.000000 1.264917
360 69.000000 1.262102
361 69.000000 1.260214
362 69.000000 1.259278
363 69.000000 1.258926
364 70.000000 1.257932
365 70.000000 1.257568
366 70.000000 1.255876
367 70.000000 1.255341
368 70.000000 1.254976
369 71.000000 1.254314
370 71.000000 1.254153
371 71.000000 1.252799
372 71.000000 1.252682
373 71.000000 1.252151
374 71.000000 1.251828
375 72.000000 1.251456
376 72.000000 1.251226
377 72.000000 1.249269
378 72.000000 1.248922
379 72.000000 1.248694
380 73.000000 1.248388
381 73.000000 1.247936
382 73.000000 1.247765
383 73.000000 1.247583
384 73.000000 1.247450
385 74.000000 1.247330
386 74.000000 1.247199
387 74.000000 1.245306
388 74.000000 1.244309
389 74.000000 1.243744
390 74.000000 1.243346
391 75.000000 1.242760
392 75.000000 1.242711
393 75.000000 1.242291
394 75.000000 1.242375
395 75.000000 1.240469
396 76.000000 1.240217
397 76.000000 1.238998
398 76.000000 1.238317
399 76.000000 1.237833
400 76.000000 1.237132
401 77.000000 1.236679
402 77.000000 1.236308
403 77.000000 1.236048
404 77.000000 1.235397
405 77.000000 1.234989
406 77.000000 1.234658
407 78.000000 1.234422
408 78.000000 1.234160
409 78.000000 1.233911
410 78.000000 1.233293
411 78.000000 1.231610
412 79.000000 1.231340
413 79.000000 1.229761
414 79.000000 1.229217
415 79.000000 1.228738
416 79.000000 1.228466
417 80.000000 1.228045
418 80.000000 1.227665
419 80.000000 1.227186
420 80.000000 1.226140
421 80.000000 1.225611
422 81.000000 1.225494
423 81.000000 1.224067
424 81.000000 1.221919
425 81.000000 1.221327
426 81.000000 1.219618
427 82.000000 1.219079
428 82.000000 1.218656
429 82.000000 1.217980
430 82.000000 1.217624
431 82.000000 1.217324
432 83.000000 1.217204
433 83.000000 1.215578
434 83.000000 1.214378
435 83.000000 1.213300
436 83.000000 1.212817
437 83.000000 1.212430
438 84.000000 1.212255
439 84.000000 1.211742
440 84.000000 1.211409
441 84.000000 1.211029
442 84.000000 1.210358
443 85.000000 1.209246
444 85.000000 1.209042
445 85.000000 1.208979
446 85.000000 1.208543
447 85.000000 1.208651
448 86.000000 1.208539
449 86.000000 1.208449
450 86.000000 1.208252
451 86.000000 1.207927
452 86.000000 1.207932
453 87.000000 1.208032
454 87.000000 1.207868
455 87.000000 1.207908
456 87.000000 1.208247
457 87.000000 1.207894
458 88.000000 1.208031
459 88.000000 1.207776
460 88.000000 1.207836
461 88.000000 1.207930
462 88.000000 1.207939
463 89.000000 1.207680
464 89.000000 1.207664
465 89.000000 1.207432
466 89.000000 1.207528
467 89.000000 1.207705
468 90.000000 1.208031
469 90.000000 1.207918
470 90.000000 1.208061
471 90.000000 1.208600
472 90.000000 1.208764
473 91.000000 1.208671
474 91.000000 1.209676
475 91.000000 1.209698
476 91.000000 1.208773
477 91.000000 1.209082
478 91.000000 1.209312
479 92.000000 1.209304
480 92.000000 1.208703
481 92.000000 1.208522
482 92.000000 1.208579
483 92.000000 1.207123
484 93.000000 1.205176
485 93.000000 1.204644
486 93.000000 1.204455
487 93.000000 1.204349
488 93.000000 1.204300
489 94.000000 1.204012
490 94.000000 1.204040
491 94.000000 1.203960
492 94.000000 1.202789
493 94.000000 1.202388
494 94.000000 1.202250
495 95.000000 1.202188
496 95.000000 1.202079
497 95.000000 1.202026
498 95.000000 1.201284
499 95.000000 1.201118
500 96.000000 1.200778
501 96.000000 1.200735
502 96.000000 1.198655
503 96.000000 1.198489
504 96.000000 1.196182
505 97.000000 1.191671
506 97.000000 1.190342
507 97.000000 1.186300
508 97.000000 1.183200
509 97.000000 1.181731
510 98.000000 1.180045
511 98.000000 1.179329
512 98.000000 1.175538
513 98.000000 1.173525
514 98.000000 1.172667
515 99.000000 1.171295
516 99.000000 1.169430
517 99.000000 1.167788
518 99.000000 1.166837
519 99.000000 1.165946
520 99.000000 1.164973
521 100.000000 1.164102
522 100.000000 1.161989
523 100.000000 1.160831
524 100.000000 1.160219
525 100.000000 1.159711
526 101.000000 1.157136
527 101.000000 1.156209
528 101.000000 1.155391
529 101.000000 1.153749
530 101.000000 1.153325
531 102.000000 1.152770
532 102.000000 1.151255
533 102.000000 1.150724
534 102.000000 1.150282
535 102.000000 1.149750
536 103.000000 1.149258
537 103.000000 1.148286
538 103.000000 1.147560
539 103.000000 1.144999
540 103.000000 1.144932
541 103.000000 1.143613
542 104.000000 1.143358
543 104.000000 1.142491
544 104.000000 1.142135
545 104.000000 1.142038
546 104.000000 1.141535
547 105.000000 1.141114
548 105.000000 1.140565
549 105.000000 1.139749
550 105.000000 1.139626
551 105.000000 1.139217
552 106.000000 1.137809
553 106.000000 1.137224
554 106.000000 1.136332
555 106.000000 1.136208
556 106.000000 1.135581
557 106.000000 1.135404
558 107.000000 1.134567
559 107.000000 1.132444
560 107.000000 1.132134
561 107.000000 1.131632
562 107.000000 1.131178
563 108.000000 1.129510
564 108.000000 1.128455
565 108.000000 1.127706
566 108.000000 1.127178
567 108.000000 1.125961
568 109.000000 1.125172
569 109.000000 1.124573
570 109.000000 1.123621
571 109.000000 1.122705
572 109.000000 1.122364
573 110.000000 1.122053
574 110.000000 1.121281
575 110.000000 1.120761
576 110.000000 1.120444
577 110.000000 1.120295
578 111.000000 1.120087
579 111.000000 1.118875
580 111.000000 1.118185
581 111.000000 1.117361
582 111.000000 1.116801
583 112.000000 1.116234
584 112.000000 1.115309
585 112.000000 1.114047
586 112.000000 1.113851
587 112.000000 1.113726
588 112.000000 1.113701
589 113.000000 1.113372
590 113.000000 1.112605
591 113.000000 1.112273
592 113.000000 1.111606
593 113.000000 1.111344
594 114.000000 1.109916
595 114.000000 1.108451
596 114.000000 1.107657
597 114.000000 1.107256
598 114.000000 1.106840
599 115.000000 1.106745
600 115.000000 1.106103
601 115.000000 1.106000
602 115.000000 1.106073
603 115.000000 1.105965
604 115.000000 1.105897
605 116.000000 1.105820
606 116.000000 1.105694
607 116.000000 1.105163
608 116.000000 1.105009
609 116.000000 1.104970
610 117.000000 1.103639
611 117.000000 1.101844
612 117.000000 1.101564
613 117.000000 1.100871
614 117.000000 1.099926
615 118.000000 1.099567
616 118.000000 1.099354
617 118.000000 1.099180
618 118.000000 1.098945
619 118.000000 1.097529
620 118.000000 1.097065
621 119.000000 1.096694
622 119.000000 1.094104
623 119.000000 1.092222
624 119.000000 1.091482
625 119.000000 1.090885
626 120.000000 1.089833
627 120.000000 1.089694
628 120.000000 1.089062
629 120.000000 1.088330
630 120.000000 1.086796
631 121.000000 1.086506
632 121.000000 1.085974
633 121.000000 1.085701
634 121.000000 1.084008
635 121.000000 1.083836
636 121.000000 1.083438
637 122.000000 1.081885
638 122.000000 1.080632
639 122.000000 1.080217
640 122.000000 1.079697
641 122.000000 1.079225
642 123.000000 1.078501
643 123.000000 1.078212
644 123.000000 1.076677
645 123.000000 1.076384
646 123.000000 1.076099
647 123.000000 1.075704
648 124.000000 1.074768
649 124.000000 1.074390
650 124.000000 1.073712
651 124.000000 1.073309
652 124.000000 1.071784
653 125.000000 1.071286
654 125.000000 1.070987
655 125.000000 1.070348
656 125.000000 1.069664
657 125.000000 1.069460
658 126.000000 1.069345
659 126.000000 1.068883
660 126.000000 1.068621
661 126.000000 1.068034
662 126.000000 1.067486
663 127.000000 1.067226
664 127.000000 1.067082
665 127.000000 1.065351
666 127.000000 1.064969
667 127.000000 1.063008
668 128.000000 1.062257
669 128.000000 1.061786
670 128.000000 1.061566
671 128.000000 1.061483
672 128.000000 1.060366
673 129.000000 1.060167
674 129.000000 1.060001
675 129.000000 1.058613
676 129.000000 1.057951
677 129.000000 1.057618
678 129.000000 1.057043
679 130.000000 1.056846
680 130.000000 1.056219
681 130.000000 1.055927
682 130.000000 1.054826
683 130.000000 1.052866
684 131.000000 1.052608
685 131.000000 1.052083
686 131.000000 1.051671
687 131.000000 1.051405
688 131.000000 1.051064
689 132.000000 1.050504
690 132.000000 1.050261
691 132.000000 1.049917
692 132.000000 1.048461
693 132.000000 1.047617
694 133.000000 1.047441
695 133.000000 1.047170
696 133.000000 1.046777
697 133.000000 1.046485
698 133.000000 1.045920
699 134.000000 1.044955
700 134.000000 1.044958
701 134.000000 1.044977
702 134.000000 1.044639
703 134.000000 1.044062
704 134.000000 1.043615
705 135.000000 1.042382
706 135.000000 1.042124
707 135.000000 1.041752
708 135.000000 1.041739
709 135.000000 1.041847
710 136.000000 1.041423
711 136.000000 1.041317
712 136.000000 1.041387
713 136.000000 1.041423
714 136.000000 1.041488
715 137.000000 1.041327
716 137.000000 1.041021
717 137.000000 1.040905
718 137.000000 1.040872
719 137.000000 1.040866
720 137.000000 1.040911
721 138.000000 1.040904
722 138.000000 1.040431
723 138.000000 1.040327
724 138.000000 1.038714
725 138.000000 1.037736
726 139.000000 1.037201
727 139.000000 1.035915
728 139.000000 1.034388
729 139.000000 1.033967
730 139.000000 1.033281
731 140.000000 1.032869
732 140.000000 1.032580
733 140.000000 1.032185
734 140.000000 1.030972
735 140.000000 1.028982
736 141.000000 1.028477
737 141.000000 1.027552
738 141.000000 1.027013
739 141.000000 1.026561
740 141.000000 1.026178
741 141.000000 1.025759
742 142.000000 1.025638
743 142.000000 1.025251
744 142.000000 1.024980
745 142.000000 1.024695
746 142.000000 1.023834
747 143.000000 1.023788
748 143.000000 1.023232
749 143.000000 1.022839
750 143.000000 1.022703
751 143.000000 1.022688
752 144.000000 1.021502
753 144.000000 1.021487
754 144.000000 1.021393
755 144.000000 1.020757
756 144.000000 1.020294
757 145.000000 1.019860
758 145.000000 1.019998
759 145.000000 1.020073
760 145.000000 1.020062
761 145.000000 1.019470
762 145.000000 1.019623
763 146.000000 1.019855
764 146.000000 1.019825
765 146.000000 1.020115
766 146.000000 1.020431
767 146.000000 1.020640
768 147.000000 1.019599
769 147.000000 1.019409
770 147.000000 1.019452
771 147.000000 1.019943
772 147.000000 1.019996
773 148.000000 1.018552
774 148.000000 1.018428
775 148.000000 1.015933
776 148.000000 1.014544
777 148.000000 1.013863
778 149.000000 1.013682
779 149.000000 1.013116
780 149.000000 1.012951
781 149.000000 1.011104
782 149.000000 1.010800
783 150.000000 1.008224
784 150.000000 1.007566
785 150.000000 1.005772
786 150.000000 1.005016
787 150.000000 1.004452
788 151.000000 1.003947
789 151.000000 1.003426
790 151.000000 1.001636
791 151.000000 0.998420
792 151.000000 0.997638
793 152.000000 0.994397
794 152.000000 0.993492
795 152.000000 0.993012
796 152.000000 0.990782
797 152.000000 0.990130
798 152.000000 0.989609
799 153.000000 0.987611
800 153.000000 0.986497
