1 0.000000 1.441423
2 0.000000 1.441851
3 1.000000 1.438838
4 1.000000 1.437029
5 1.000000 1.436335
6 1.000000 1.436024
7 1.000000 1.435957
8 2.000000 1.434172
9 2.000000 1.432492
10 2.000000 1.432745
11 2.000000 1.432872
12 2.000000 1.431828
13 3.000000 1.431906
14 3.000000 1.431926
15 3.000000 1.432485
16 3.000000 1.430578
17 3.000000 1.430335
18 4.000000 1.430212
19 4.000000 1.430171
20 4.000000 1.428310
21 4.000000 1.427730
22 4.000000 1.427252
23 5.000000 1.424180
24 5.000000 1.419950
25 5.000000 1.418892
26 5.000000 1.417728
27 5.000000 1.415084
28 6.000000 1.414121
29 6.000000 1.412926
30 6.000000 1.409206
31 6.000000 1.406902
32 7.000000 1.406307
33 7.000000 1.405635
34 7.000000 1.404215
35 7.000000 1.403458
36 7.000000 1.402073
37 8.000000 1.401664
38 8.000000 1.400634
39 8.000000 1.400368
40 8.000000 1.400264
41 8.000000 1.399840
42 9.000000 1.399755
43 9.000000 1.396916
44 9.000000 1.396364
45 9.000000 1.395834
46 9.000000 1.392929
47 10.000000 1.392231
48 10.000000 1.389754
49 10.000000 1.388554
50 10.000000 1.388251
51 11.000000 1.386353
52 11.000000 1.384950
53 11.000000 1.384515
54 11.000000 1.384281
55 11.000000 1.383124
56 12.000000 1.381267
57 12.000000 1.379952
58 12.000000 1.378760
59 12.000000 1.378092
60 12.000000 1.377345
61 13.000000 1.376707
62 13.000000 1.374145
63 13.000000 1.373210
64 13.000000 1.372508
65 13.000000 1.371765
66 14.000000 1.370976
67 14.000000 1.370099
68 14.000000 1.369785
69 14.000000 1.369263
70 14.000000 1.369075
71 15.000000 1.368599
72 15.000000 1.368584
73 15.000000 1.367483
74 15.000000 1.366561
75 15.000000 1.363884
76 16.000000 1.361273
77 16.000000 1.359383
78 16.000000 1.358749
79 16.000000 1.357992
80 16.000000 1.357793
81 17.000000 1.355169
82 17.000000 1.354609
83 17.000000 1.353914
84 17.000000 1.351975
85 17.000000 1.351363
86 18.000000 1.350992
87 18.000000 1.348118
88 18.000000 1.346770
89 18.000000 1.343915
90 18.000000 1.342959
91 19.000000 1.339867
92 19.000000 1.336298
93 19.000000 1.335605
94 19.000000 1.335034
95 19.000000 1.334689
96 20.000000 1.333112
97 20.000000 1.332253
98 20.000000 1.331745
99 20.000000 1.328512
100 20.000000 1.327799
101 21.000000 1.327353
102 21.000000 1.325899
103 21.000000 1.325531
104 21.000000 1.325528
105 22.000000 1.325557
106 22.000000 1.325085
107 22.000000 1.325004
108 22.000000 1.325191
109 22.000000 1.324743
110 23.000000 1.324108
111 23.000000 1.324113
112 23.000000 1.324072
113 23.000000 1.323504
114 23.000000 1.322297
115 24.000000 1.321947
116 24.000000 1.319333
117 24.000000 1.316505
118 24.000000 1.315637
119 24.000000 1.315183
120 25.000000 1.314665
121 25.000000 1.314483
122 25.000000 1.313563
123 25.000000 1.311500
124 25.000000 1.310999
125 26.000000 1.309604
126 26.000000 1.309273
127 26.000000 1.308944
128 26.000000 1.308951
129 26.000000 1.308638
130 27.000000 1.308534
131 27.000000 1.308608
132 27.000000 1.308694
133 27.000000 1.308186
134 27.000000 1.308171
135 28.000000 1.308284
136 28.000000 1.308533
137 28.000000 1.308703
138 28.000000 1.308955
139 28.000000 1.307500
140 29.000000 1.305668
141 29.000000 1.305188
142 29.000000 1.305123
143 29.000000 1.302530
144 29.000000 1.301914
145 30.000000 1.300981
146 30.000000 1.298705
147 30.000000 1.296477
148 30.000000 1.292868
149 30.000000 1.290216
150 31.000000 1.288557
151 31.000000 1.286842
152 31.000000 1.284136
153 31.000000 1.281518
154 31.000000 1.280282
155 31.000000 1.276723
156 32.000000 1.275151
157 32.000000 1.274432
158 32.000000 1.273668
159 32.000000 1.273313
160 32.000000 1.273178
161 33.000000 1.273014
162 33.000000 1.272838
163 33.000000 1.270944
164 33.000000 1.268417
165 33.000000 1.267554
166 34.000000 1.263986
167 34.000000 1.263211
168 34.000000 1.262341
169 34.000000 1.261932
170 34.000000 1.258941
171 35.000000 1.256657
172 35.000000 1.255932
173 35.000000 1.255100
174 35.000000 1.254640
175 35.000000 1.253125
176 36.000000 1.252095
177 36.000000 1.251422
178 36.000000 1.248839
179 36.000000 1.245986
180 36.000000 1.245625
181 37.000000 1.244669
182 37.000000 1.243585
183 37.000000 1.242940
184 37.000000 1.242114
185 37.000000 1.241642
186 38.000000 1.240732
187 38.000000 1.240099
188 38.000000 1.239718
189 38.000000 1.239839
190 38.000000 1.239966
191 39.000000 1.240030
192 39.000000 1.240079
193 39.000000 1.240385
194 39.000000 1.240635
195 39.000000 1.240929
196 39.000000 1.239155
197 40.000000 1.238007
198 40.000000 1.237534
199 40.000000 1.236165
200 40.000000 1.235767
201 41.000000 1.234090
202 41.000000 1.232619
203 41.000000 1.232387
204 41.000000 1.231800
205 41.000000 1.229783
206 42.000000 1.229389
207 42.000000 1.228760
208 42.000000 1.228354
209 42.000000 1.228110
210 42.000000 1.227943
211 42.000000 1.227698
212 43.000000 1.226643
213 43.000000 1.226398
214 43.000000 1.226545
215 43.000000 1.226605
216 43.000000 1.227002
217 44.000000 1.227292
218 44.000000 1.227515
219 44.000000 1.225874
220 44.000000 1.225855
221 44.000000 1.225803
222 45.000000 1.225651
223 45.000000 1.225004
224 45.000000 1.224993
225 45.000000 1.224153
226 45.000000 1.224090
227 46.000000 1.223939
228 46.000000 1.223885
229 46.000000 1.223690
230 46.000000 1.223448
231 46.000000 1.221754
232 47.000000 1.221532
233 47.000000 1.219378
234 47.000000 1.218565
235 47.000000 1.216927
236 47.000000 1.214439
237 48.000000 1.213449
238 48.000000 1.210764
239 48.000000 1.209655
240 48.000000 1.208927
241 48.000000 1.206042
242 49.000000 1.205129
243 49.000000 1.204407
244 49.000000 1.201484
245 49.000000 1.200106
246 49.000000 1.199118
247 50.000000 1.198387
248 50.000000 1.196724
249 50.000000 1.194496
250 50.000000 1.193604
251 50.000000 1.191179
252 51.000000 1.189631
253 51.000000 1.188832
254 51.000000 1.188059
255 51.000000 1.185521
256 51.000000 1.184825
257 51.000000 1.183780
258 52.000000 1.182464
259 52.000000 1.181934
260 52.000000 1.181254
261 52.000000 1.179516
262 52.000000 1.178728
263 53.000000 1.177180
264 53.000000 1.176462
265 53.000000 1.175998
266 53.000000 1.175674
267 53.000000 1.173639
268 54.000000 1.172990
269 54.000000 1.172135
270 54.000000 1.171637
271 54.000000 1.171293
272 54.000000 1.170867
273 55.000000 1.170492
274 55.000000 1.170114
275 55.000000 1.167916
276 55.000000 1.166540
277 55.000000 1.165997
278 56.000000 1.165384
279 56.000000 1.164549
280 56.000000 1.162447
281 56.000000 1.161812
282 56.000000 1.160521
283 56.000000 1.159710
284 57.000000 1.159346
285 57.000000 1.158597
286 57.000000 1.158269
287 57.000000 1.157884
288 57.000000 1.157716
289 58.000000 1.157270
290 58.000000 1.156861
291 58.000000 1.156470
292 58.000000 1.154572
293 58.000000 1.154222
294 59.000000 1.153085
295 59.000000 1.152570
296 59.000000 1.152012
297 59.000000 1.150010
298 59.000000 1.148731
299 60.000000 1.147617
300 60.000000 1.146869
301 60.000000 1.146040
302 60.000000 1.145598
303 60.000000 1.145652
304 60.000000 1.145397
305 61.000000 1.144656
306 61.000000 1.144496
307 61.000000 1.144467
308 61.000000 1.142664
309 61.000000 1.142406
310 62.000000 1.139874
311 62.000000 1.137327
312 62.000000 1.134769
313 62.000000 1.131812
314 62.000000 1.130784
315 63.000000 1.129164
316 63.000000 1.128295
317 63.000000 1.127574
318 63.000000 1.125988
319 63.000000 1.125346
320 64.000000 1.124707
321 64.000000 1.123579
322 64.000000 1.122888
323 64.000000 1.122500
324 64.000000 1.121970
325 64.000000 1.120479
326 65.000000 1.119919
327 65.000000 1.119469
328 65.000000 1.118985
329 65.000000 1.118559
330 65.000000 1.116029
331 66.000000 1.113088
332 66.000000 1.111251
333 66.000000 1.110259
334 66.000000 1.109049
335 66.000000 1.108354
336 67.000000 1.108175
337 67.000000 1.107742
338 67.000000 1.105862
339 67.000000 1.105553
340 67.000000 1.105026
341 68.000000 1.104882
342 68.000000 1.103482
343 68.000000 1.101989
344 68.000000 1.101618
345 68.000000 1.101331
346 69.000000 1.100841
347 69.000000 1.100610
348 69.000000 1.099994
349 69.000000 1.099878
350 69.000000 1.099531
351 70.000000 1.099012
352 70.000000 1.098447
353 70.000000 1.098056
354 70.000000 1.096115
355 70.000000 1.095904
356 70.000000 1.095646
357 71.000000 1.094938
358 71.000000 1.094658
359 71.000000 1.094215
360 71.000000 1.092091
361 71.000000 1.090704
362 72.000000 1.089624
363 72.000000 1.089373
364 72.000000 1.087360
365 72.000000 1.086445
366 72.000000 1.085997
367 73.000000 1.085561
368 73.000000 1.084232
369 73.000000 1.083517
370 73.000000 1.083169
371 73.000000 1.082726
372 74.000000 1.082356
373 74.000000 1.082191
374 74.000000 1.081256
375 74.000000 1.080677
376 74.000000 1.080354
377 74.000000 1.080165
378 75.000000 1.080002
379 75.000000 1.079760
380 75.000000 1.079533
381 75.000000 1.079203
382 75.000000 1.079120
383 76.000000 1.078154
384 76.000000 1.077773
385 76.000000 1.077253
386 76.000000 1.077131
387 76.000000 1.076043
388 77.000000 1.075195
389 77.000000 1.074578
390 77.000000 1.074323
391 77.000000 1.073697
392 77.000000 1.073331
393 77.000000 1.073057
394 78.000000 1.071769
395 78.000000 1.071494
396 78.000000 1.069933
397 78.000000 1.069626
398 78.000000 1.069313
399 79.000000 1.068992
400 79.000000 1.067376
401 79.000000 1.065588
402 79.000000 1.065263
403 79.000000 1.065083
404 80.000000 1.064603
405 80.000000 1.064238
406 80.000000 1.063997
407 80.000000 1.061325
408 80.000000 1.060760
409 81.000000 1.060623
410 81.000000 1.060164
411 81.000000 1.059817
412 81.000000 1.059417
413 81.000000 1.057635
414 81.000000 1.057152
415 82.000000 1.056375
416 82.000000 1.055769
417 82.000000 1.055422
418 82.000000 1.054895
419 82.000000 1.054671
420 83.000000 1.054317
421 83.000000 1.054091
422 83.000000 1.054046
423 83.000000 1.053927
424 83.000000 1.053634
425 84.000000 1.053168
426 84.000000 1.053023
427 84.000000 1.051369
428 84.000000 1.051179
429 84.000000 1.050955
430 85.000000 1.050160
431 85.000000 1.049996
432 85.000000 1.049776
433 85.000000 1.049456
434 85.000000 1.049292
435 86.000000 1.049005
436 86.000000 1.048449
437 86.000000 1.047734
438 86.000000 1.046915
439 86.000000 1.046419
440 86.000000 1.045114
441 87.000000 1.044663
442 87.000000 1.042721
443 87.000000 1.041960
444 87.000000 1.041694
445 87.000000 1.041683
446 88.000000 1.041310
447 88.000000 1.041081
448 88.000000 1.040679
449 88.000000 1.039364
450 88.000000 1.038444
451 89.000000 1.038068
452 89.000000 1.037700
453 89.000000 1.037622
454 89.000000 1.037342
455 89.000000 1.036805
456 90.000000 1.036708
457 90.000000 1.036603
458 90.000000 1.036557
459 90.000000 1.035244
460 90.000000 1.035161
461 90.000000 1.035170
462 91.000000 1.034617
463 91.000000 1.034297
464 91.000000 1.034131
465 91.000000 1.034121
466 91.000000 1.034101
467 92.000000 1.033574
468 92.000000 1.032227
469 92.000000 1.032180
470 92.000000 1.030809
471 92.000000 1.029501
472 93.000000 1.029199
473 93.000000 1.028415
474 93.000000 1.026992
475 93.000000 1.027047
476 93.000000 1.026984
477 94.000000 1.025535
478 94.000000 1.024915
479 94.000000 1.024769
480 94.000000 1.024624
481 94.000000 1.023531
482 94.000000 1.023409
483 95.000000 1.022484
484 95.000000 1.022065
485 95.000000 1.021774
486 95.000000 1.021595
487 95.000000 1.021356
488 96.000000 1.021118
489 96.000000 1.020067
490 96.000000 1.019232
491 96.000000 1.019040
492 96.000000 1.018272
493 97.000000 1.017577
494 97.000000 1.017398
495 97.000000 1.017216
496 97.000000 1.016303
497 97.000000 1.016169
498 98.000000 1.015354
499 98.000000 1.013902
500 98.000000 1.013568
501 98.000000 1.013570
502 98.000000 1.013499
503 98.000000 1.013106
504 99.000000 1.012988
505 99.000000 1.012921
506 99.000000 1.012205
507 99.000000 1.011704
508 99.000000 1.011526
509 100.000000 1.010620
510 100.000000 1.010431
511 100.000000 1.010096
512 100.000000 1.009676
513 100.000000 1.008609
514 101.000000 1.008452
515 101.000000 1.008355
516 101.000000 1.007643
517 101.000000 1.007023
518 101.000000 1.007181
519 102.000000 1.006552
520 102.000000 1.006433
521 102.000000 1.005723
522 102.000000 1.004814
523 102.000000 1.003224
524 102.000000 1.002873
525 103.000000 1.002833
526 103.000000 1.002918
527 103.000000 1.002761
528 103.000000 1.002617
529 103.000000 1.001550
530 104.000000 1.000436
531 104.000000 1.000210
532 104.000000 0.999830
533 104.000000 0.999651
534 104.000000 0.999560
535 105.000000 0.998607
536 105.000000 0.998006
537 105.000000 0.997848
538 105.000000 0.997653
539 105.000000 0.997667
540 106.000000 0.997673
541 106.000000 0.997338
542 106.000000 0.997136
543 106.000000 0.997140
544 106.000000 0.996338
545 106.000000 0.996018
546 107.000000 0.995859
547 107.000000 0.995326
548 107.000000 0.995215
549 107.000000 0.994522
550 107.000000 0.994270
551 108.000000 0.993683
552 108.000000 0.992751
553 108.000000 0.992327
554 108.000000 0.992030
555 108.000000 0.991694
556 109.000000 0.991465
557 109.000000 0.990894
558 109.000000 0.988120
559 109.000000 0.987347
560 109.000000 0.986840
561 110.000000 0.986570
562 110.000000 0.986055
563 110.000000 0.985421
564 110.000000 0.985097
565 110.000000 0.984823
566 110.000000 0.984548
567 111.000000 0.983767
568 111.000000 0.983387
569 111.000000 0.982284
570 111.000000 0.981932
571 111.000000 0.981585
572 112.000000 0.981187
573 112.000000 0.980532
574 112.000000 0.980258
575 112.000000 0.979106
576 112.000000 0.978735
577 113.000000 0.978156
578 113.000000 0.976730
579 113.000000 0.975779
580 113.000000 0.975108
581 113.000000 0.974940
582 113.000000 0.974658
583 114.000000 0.974474
584 114.000000 0.974220
585 114.000000 0.974112
586 114.000000 0.974011
587 114.000000 0.973718
588 115.000000 0.973536
589 115.000000 0.972523
590 115.000000 0.971827
591 115.000000 0.971150
592 115.000000 0.970894
593 116.000000 0.970693
594 116.000000 0.970518
595 116.000000 0.970379
596 116.000000 0.969740
597 116.000000 0.969741
598 117.000000 0.969710
599 117.000000 0.968373
600 117.000000 0.968347
601 117.000000 0.967161
602 117.000000 0.966003
603 117.000000 0.965544
604 118.000000 0.965135
605 118.000000 0.964747
606 118.000000 0.964378
607 118.000000 0.963626
608 118.000000 0.963343
609 119.000000 0.963098
610 119.000000 0.963020
611 119.000000 0.962920
612 119.000000 0.962899
613 119.000000 0.962790
614 120.000000 0.962767
615 120.000000 0.962694
616 120.000000 0.962657
617 120.000000 0.961356
618 120.000000 0.961104
619 120.000000 0.961003
620 121.000000 0.960345
621 121.000000 0.960212
622 121.000000 0.960105
623 121.000000 0.960011
624 121.000000 0.959580
625 122.000000 0.959440
626 122.000000 0.959071
627 122.000000 0.958089
628 122.000000 0.957957
629 122.000000 0.957691
630 123.000000 0.957621
631 123.000000 0.957556
632 123.000000 0.956672
633 123.000000 0.956411
634 123.000000 0.955821
635 123.000000 0.954463
636 124.000000 0.954252
637 124.000000 0.953363
638 124.000000 0.952664
639 124.000000 0.952117
640 124.000000 0.951721
641 125.000000 0.951396
642 125.000000 0.951290
643 125.000000 0.949983
644 125.000000 0.949671
645 125.000000 0.948991
646 125.000000 0.948833
647 126.000000 0.948688
648 126.000000 0.948167
649 126.000000 0.948071
650 126.000000 0.946232
651 126.000000 0.945859
652 127.000000 0.945172
653 127.000000 0.944904
654 127.000000 0.944742
655 127.000000 0.944373
656 127.000000 0.944300
657 128.000000 0.944118
658 128.000000 0.943294
659 128.000000 0.942570
660 128.000000 0.942561
661 128.000000 0.942535
662 128.000000 0.942463
663 129.000000 0.942389
664 129.000000 0.942291
665 129.000000 0.942107
666 129.000000 0.941169
667 129.000000 0.941067
668 130.000000 0.940066
669 130.000000 0.938142
670 130.000000 0.937918
671 130.000000 0.937464
672 130.000000 0.937124
673 130.000000 0.935176
674 131.000000 0.933330
675 131.000000 0.931937
676 131.000000 0.931394
677 131.000000 0.930956
678 131.000000 0.930867
679 132.000000 0.930566
680 132.000000 0.929246
681 132.000000 0.928566
682 132.000000 0.928510
683 132.000000 0.928160
684 133.000000 0.927953
685 133.000000 0.926792
686 133.000000 0.925765
687 133.000000 0.924966
688 133.000000 0.924815
689 133.000000 0.924427
690 134.000000 0.922786
691 134.000000 0.922090
692 134.000000 0.921923
693 134.000000 0.921386
694 134.000000 0.921069
695 135.000000 0.920759
696 135.000000 0.920466
697 135.000000 0.920328
698 135.000000 0.920016
699 135.000000 0.919744
700 135.000000 0.919578
701 136.000000 0.918509
702 136.000000 0.917226
703 136.000000 0.916933
704 136.000000 0.916706
705 136.000000 0.916553
706 137.000000 0.915555
707 137.000000 0.915226
708 137.000000 0.914927
709 137.000000 0.914589
710 137.000000 0.914327
711 138.000000 0.914047
712 138.000000 0.913941
713 138.000000 0.912734
714 138.000000 0.911754
715 138.000000 0.910563
716 138.000000 0.909971
717 139.000000 0.909746
718 139.000000 0.909497
719 139.000000 0.909337
720 139.000000 0.909096
721 139.000000 0.908301
722 140.000000 0.908190
723 140.000000 0.908024
724 140.000000 0.907993
725 140.000000 0.907278
726 140.000000 0.907157
727 141.000000 0.906991
728 141.000000 0.906891
729 141.000000 0.905797
730 141.000000 0.905496
731 141.000000 0.905371
732 141.000000 0.905134
733 142.000000 0.904936
734 142.000000 0.904736
735 142.000000 0.903874
736 142.000000 0.903153
737 142.000000 0.901900
738 143.000000 0.901606
739 143.000000 0.901136
740 143.000000 0.900924
741 143.000000 0.900667
742 143.000000 0.900042
743 144.000000 0.899791
744 144.000000 0.899290
745 144.000000 0.899149
746 144.000000 0.898672
747 144.000000 0.897979
748 144.000000 0.897750
749 145.000000 0.896639
750 145.000000 0.895447
751 145.000000 0.895290
752 145.000000 0.894928
753 145.000000 0.894819
754 146.000000 0.894563
755 146.000000 0.894338
756 146.000000 0.894259
757 146.000000 0.894038
758 146.000000 0.894012
759 147.000000 0.893593
760 147.000000 0.893485
761 147.000000 0.893393
762 147.000000 0.893304
763 147.000000 0.893245
764 147.000000 0.892987
765 148.000000 0.892895
766 148.000000 0.892315
767 148.000000 0.892167
768 148.000000 0.892182
769 148.000000 0.892116
770 149.000000 0.890801
771 149.000000 0.890554
772 149.000000 0.889778
773 149.000000 0.889538
774 149.000000 0.889322
775 150.000000 0.888995
776 150.000000 0.888832
777 150.000000 0.887679
778 150.000000 0.886532
779 150.000000 0.885342
780 151.000000 0.884816
781 151.000000 0.884612
782 151.000000 0.884257
783 151.000000 0.883825
784 151.000000 0.883331
785 151.000000 0.882931
786 152.000000 0.882031
787 152.000000 0.881810
788 152.000000 0.881439
789 152.000000 0.881137
790 152.000000 0.880982
791 153.000000 0.879068
792 153.000000 0.878596
793 153.000000 0.877382
794 153.000000 0.876296
795 153.000000 0.875372
796 154.000000 0.874544
797 154.000000 0.872885
798 154.000000 0.871815
799 154.000000 0.870781
800 154.000000 0.870294
