1 0.000000 1.430456
2 1.000000 1.428948
3 1.000000 1.426387
4 1.000000 1.424668
5 1.000000 1.422635
6 1.000000 1.420355
7 2.000000 1.417830
8 2.000000 1.416862
9 2.000000 1.417372
10 2.000000 1.417339
11 2.000000 1.415980
12 3.000000 1.414082
13 3.000000 1.413498
14 3.000000 1.412317
15 3.000000 1.411319
16 3.000000 1.410465
17 4.000000 1.409392
18 4.000000 1.408760
19 4.000000 1.407890
20 4.000000 1.407340
21 5.000000 1.406741
22 5.000000 1.406189
23 5.000000 1.405913
24 5.000000 1.405518
25 5.000000 1.405249
26 5.000000 1.404934
27 6.000000 1.404642
28 6.000000 1.404977
29 6.000000 1.404883
30 6.000000 1.404323
31 6.000000 1.404162
32 7.000000 1.404149
33 7.000000 1.402830
34 7.000000 1.400737
35 7.000000 1.400244
36 7.000000 1.399841
37 8.000000 1.399386
38 8.000000 1.399138
39 8.000000 1.398808
40 8.000000 1.398684
41 8.000000 1.398942
42 8.000000 1.398997
43 9.000000 1.399414
44 9.000000 1.398287
45 9.000000 1.397998
46 9.000000 1.397749
47 9.000000 1.397663
48 10.000000 1.396651
49 10.000000 1.395779
50 10.000000 1.395228
51 10.000000 1.394827
52 10.000000 1.393825
53 11.000000 1.393064
54 11.000000 1.391156
55 11.000000 1.389267
56 11.000000 1.386745
57 11.000000 1.384792
58 12.000000 1.383062
59 12.000000 1.379996
60 12.000000 1.378151
61 12.000000 1.375761
62 12.000000 1.374001
63 12.000000 1.370619
64 13.000000 1.367877
65 13.000000 1.364680
66 13.000000 1.362754
67 13.000000 1.360673
68 13.000000 1.359079
69 14.000000 1.357695
70 14.000000 1.356549
71 14.000000 1.355490
72 14.000000 1.354583
73 14.000000 1.353784
74 15.000000 1.352982
75 15.000000 1.352367
76 15.000000 1.351754
77 15.000000 1.350620
78 15.000000 1.347902
79 15.000000 1.346721
80 16.000000 1.345757
81 16.000000 1.344690
82 16.000000 1.341695
83 16.000000 1.340451
84 16.000000 1.339457
85 17.000000 1.338519
86 17.000000 1.337431
87 17.000000 1.334994
88 17.000000 1.333815
89 17.000000 1.332421
90 18.000000 1.329891
91 18.000000 1.328379
92 18.000000 1.327095
93 18.000000 1.324706
94 18.000000 1.323352
95 19.000000 1.320135
96 19.000000 1.318528
97 19.000000 1.317056
98 19.000000 1.316218
99 19.000000 1.314886
100 19.000000 1.313845
101 20.000000 1.310105
102 20.000000 1.308873
103 20.000000 1.307668
104 20.000000 1.306720
105 20.000000 1.305898
106 21.000000 1.305153
107 21.000000 1.304477
108 21.000000 1.303738
109 21.000000 1.301702
110 21.000000 1.300866
111 22.000000 1.299972
112 22.000000 1.299262
113 22.000000 1.298663
114 22.000000 1.298036
115 22.000000 1.297447
116 22.000000 1.296830
117 23.000000 1.294575
118 23.000000 1.293472
119 23.000000 1.292445
120 23.000000 1.291320
121 23.000000 1.290312
122 24.000000 1.289836
123 24.000000 1.287466
124 24.000000 1.285758
125 24.000000 1.283344
126 24.000000 1.282016
127 25.000000 1.281047
128 25.000000 1.279471
129 25.000000 1.277254
130 25.000000 1.276208
131 25.000000 1.274950
132 26.000000 1.272589
133 26.000000 1.268541
134 26.000000 1.266645
135 26.000000 1.263829
136 26.000000 1.262535
137 26.000000 1.260809
138 27.000000 1.259435
139 27.000000 1.257897
140 27.000000 1.256985
141 27.000000 1.255733
142 27.000000 1.254567
143 28.000000 1.253625
144 28.000000 1.252865
145 28.000000 1.252442
146 28.000000 1.251839
147 28.000000 1.251305
148 29.000000 1.250841
149 29.000000 1.250886
150 29.000000 1.250819
151 29.000000 1.250723
152 29.000000 1.250721
153 30.000000 1.250602
154 30.000000 1.250960
155 30.000000 1.251347
156 30.000000 1.251670
157 30.000000 1.251586
158 30.000000 1.251763
159 31.000000 1.251945
160 31.000000 1.251388
161 31.000000 1.251076
162 31.000000 1.251375
163 31.000000 1.251460
164 32.000000 1.251377
165 32.000000 1.252176
166 32.000000 1.252902
167 32.000000 1.253484
168 32.000000 1.254164
169 33.000000 1.254656
170 33.000000 1.255098
171 33.000000 1.255562
172 33.000000 1.255751
173 33.000000 1.256111
174 34.000000 1.256050
175 34.000000 1.256774
176 34.000000 1.257382
177 34.000000 1.257995
178 34.000000 1.258453
179 34.000000 1.258894
180 35.000000 1.259331
181 35.000000 1.259770
182 35.000000 1.259176
183 35.000000 1.259282
184 35.000000 1.258583
185 36.000000 1.257518
186 36.000000 1.256292
187 36.000000 1.254114
188 36.000000 1.252611
189 36.000000 1.251094
190 37.000000 1.249913
191 37.000000 1.247486
192 37.000000 1.246247
193 37.000000 1.244544
194 37.000000 1.243348
195 37.000000 1.242726
196 38.000000 1.242079
197 38.000000 1.241549
198 38.000000 1.241119
199 38.000000 1.240774
200 38.000000 1.240716
201 39.000000 1.240751
202 39.000000 1.239369
203 39.000000 1.238893
204 39.000000 1.238342
205 39.000000 1.238302
206 40.000000 1.238256
207 40.000000 1.237318
208 40.000000 1.234527
209 40.000000 1.233762
210 40.000000 1.232995
211 41.000000 1.230599
212 41.000000 1.229635
213 41.000000 1.228803
214 41.000000 1.226350
215 41.000000 1.225326
216 41.000000 1.224595
217 42.000000 1.223808
218 42.000000 1.223509
219 42.000000 1.223350
220 42.000000 1.223267
221 42.000000 1.223028
222 43.000000 1.222887
223 43.000000 1.222559
224 43.000000 1.221652
225 43.000000 1.220889
226 43.000000 1.219530
227 44.000000 1.218902
228 44.000000 1.218373
229 44.000000 1.216117
230 44.000000 1.215322
231 44.000000 1.213971
232 45.000000 1.213087
233 45.000000 1.212438
234 45.000000 1.210995
235 45.000000 1.210440
236 45.000000 1.209725
237 46.000000 1.208929
238 46.000000 1.208411
239 46.000000 1.208068
240 46.000000 1.207894
241 46.000000 1.207711
242 47.000000 1.207671
243 47.000000 1.205339
244 47.000000 1.204918
245 47.000000 1.204439
246 47.000000 1.204008
247 48.000000 1.202558
248 48.000000 1.201874
249 48.000000 1.201354
250 48.000000 1.201073
251 48.000000 1.200723
252 48.000000 1.199679
253 49.000000 1.199401
254 49.000000 1.197913
255 49.000000 1.196915
256 49.000000 1.196156
257 49.000000 1.195522
258 50.000000 1.194962
259 50.000000 1.194357
260 50.000000 1.192153
261 50.000000 1.189741
262 50.000000 1.188741
263 51.000000 1.187800
264 51.000000 1.185962
265 51.000000 1.183700
266 51.000000 1.182615
267 51.000000 1.181787
268 52.000000 1.181219
269 52.000000 1.180115
270 52.000000 1.177637
271 52.000000 1.176397
272 52.000000 1.173614
273 52.000000 1.170531
274 53.000000 1.168985
275 53.000000 1.167877
276 53.000000 1.166619
277 53.000000 1.165030
278 53.000000 1.164044
279 54.000000 1.163004
280 54.000000 1.162283
281 54.000000 1.161469
282 54.000000 1.160677
283 54.000000 1.160305
284 55.000000 1.158032
285 55.000000 1.157101
286 55.000000 1.155736
287 55.000000 1.154715
288 55.000000 1.153674
289 56.000000 1.151538
290 56.000000 1.150227
291 56.000000 1.149682
292 56.000000 1.148911
293 56.000000 1.148280
294 57.000000 1.147685
295 57.000000 1.145557
296 57.000000 1.144763
297 57.000000 1.143729
298 57.000000 1.142544
299 58.000000 1.140444
300 58.000000 1.139228
301 58.000000 1.137198
302 58.000000 1.135915
303 58.000000 1.134881
304 58.000000 1.133898
305 59.000000 1.133039
306 59.000000 1.132477
307 59.000000 1.131991
308 59.000000 1.130630
309 59.000000 1.129841
310 60.000000 1.129433
311 60.000000 1.128973
312 60.000000 1.128814
313 60.000000 1.128401
314 60.000000 1.126770
315 61.000000 1.126261
316 61.000000 1.126161
317 61.000000 1.125564
318 61.000000 1.124009
319 61.000000 1.123454
320 62.000000 1.123203
321 62.000000 1.122984
322 62.000000 1.122855
323 62.000000 1.122628
324 62.000000 1.122641
325 63.000000 1.122335
326 63.000000 1.122270
327 63.000000 1.120942
328 63.000000 1.120158
329 63.000000 1.119503
330 64.000000 1.119460
331 64.000000 1.119605
332 64.000000 1.119384
333 64.000000 1.119533
334 64.000000 1.118284
335 64.000000 1.116531
336 65.000000 1.115941
337 65.000000 1.113863
338 65.000000 1.112875
339 65.000000 1.110660
340 65.000000 1.109780
341 66.000000 1.109146
342 66.000000 1.108346
343 66.000000 1.105631
344 66.000000 1.104151
345 66.000000 1.103039
346 67.000000 1.102131
347 67.000000 1.101211
348 67.000000 1.100682
349 67.000000 1.099826
350 67.000000 1.097050
351 68.000000 1.095800
352 68.000000 1.093939
353 68.000000 1.092387
354 68.000000 1.090796
355 68.000000 1.088128
356 68.000000 1.086997
357 69.000000 1.086135
358 69.000000 1.084679
359 69.000000 1.084172
360 69.000000 1.082771
361 69.000000 1.082377
362 70.000000 1.081591
363 70.000000 1.080830
364 70.000000 1.080294
365 70.000000 1.078876
366 70.000000 1.078116
367 71.000000 1.077128
368 71.000000 1.076678
369 71.000000 1.076198
370 71.000000 1.075603
371 71.000000 1.074735
372 72.000000 1.074337
373 72.000000 1.073752
374 72.000000 1.073288
375 72.000000 1.073051
376 72.000000 1.072834
377 73.000000 1.072556
378 73.000000 1.072172
379 73.000000 1.071909
380 73.000000 1.071695
381 73.000000 1.071443
382 74.000000 1.071162
383 74.000000 1.070951
384 74.000000 1.070805
385 74.000000 1.070622
386 74.000000 1.070493
387 75.000000 1.070400
388 75.000000 1.070252
389 75.000000 1.070038
390 75.000000 1.069943
391 75.000000 1.069868
392 76.000000 1.068719
393 76.000000 1.068456
394 76.000000 1.067520
395 76.000000 1.067443
396 76.000000 1.067374
397 77.000000 1.067125
398 77.000000 1.067045
399 77.000000 1.066793
400 77.000000 1.066602
401 77.000000 1.066545
402 78.000000 1.066084
403 78.000000 1.065376
404 78.000000 1.065458
405 78.000000 1.065575
406 79.000000 1.065683
407 79.000000 1.064795
408 79.000000 1.064865
409 79.000000 1.065157
410 79.000000 1.065426
411 80.000000 1.065676
412 80.000000 1.065921
413 80.000000 1.066053
414 80.000000 1.066154
415 80.000000 1.065381
416 81.000000 1.065387
417 81.000000 1.065303
418 81.000000 1.065280
419 81.000000 1.065284
420 81.000000 1.064713
421 82.000000 1.063370
422 82.000000 1.062574
423 82.000000 1.061536
424 82.000000 1.061178
425 82.000000 1.060039
426 83.000000 1.057089
427 83.000000 1.055852
428 83.000000 1.055139
429 83.000000 1.054663
430 83.000000 1.054215
431 84.000000 1.052027
432 84.000000 1.051458
433 84.000000 1.050849
434 84.000000 1.050441
435 84.000000 1.049619
436 84.000000 1.048624
437 85.000000 1.048008
438 85.000000 1.047370
439 85.000000 1.046331
440 85.000000 1.046190
441 85.000000 1.046113
442 86.000000 1.044752
443 86.000000 1.043945
444 86.000000 1.043554
445 86.000000 1.042450
446 86.000000 1.042351
447 87.000000 1.041901
448 87.000000 1.041843
449 87.000000 1.041784
450 87.000000 1.041178
451 87.000000 1.040800
452 88.000000 1.040540
453 88.000000 1.040168
454 88.000000 1.039376
455 88.000000 1.038738
456 88.000000 1.038434
457 89.000000 1.038202
458 89.000000 1.037553
459 89.000000 1.037588
460 89.000000 1.037485
461 89.000000 1.037488
462 89.000000 1.035775
463 90.000000 1.034931
464 90.000000 1.034588
465 90.000000 1.034112
466 90.000000 1.033945
467 90.000000 1.033623
468 91.000000 1.032834
469 91.000000 1.032824
470 91.000000 1.032650
471 91.000000 1.032065
472 91.000000 1.031558
473 92.000000 1.031469
474 92.000000 1.031537
475 92.000000 1.030863
476 92.000000 1.031256
477 92.000000 1.031469
478 93.000000 1.031770
479 93.000000 1.031879
480 93.000000 1.032061
481 93.000000 1.031983
482 93.000000 1.031943
483 94.000000 1.031907
484 94.000000 1.032024
485 94.000000 1.032132
486 94.000000 1.032180
487 94.000000 1.032201
488 95.000000 1.032231
489 95.000000 1.031274
490 95.000000 1.031025
491 95.000000 1.030977
492 95.000000 1.030486
493 96.000000 1.029961
494 96.000000 1.029520
495 96.000000 1.029409
496 96.000000 1.028610
497 96.000000 1.028483
498 97.000000 1.028190
499 97.000000 1.028035
500 97.000000 1.026844
501 97.000000 1.026315
502 97.000000 1.025821
503 97.000000 1.024883
504 98.000000 1.024467
505 98.000000 1.024050
506 98.000000 1.023973
507 98.000000 1.023902
508 98.000000 1.022723
509 99.000000 1.022314
510 99.000000 1.021823
511 99.000000 1.021887
512 99.000000 1.022030
513 99.000000 1.022050
514 100.000000 1.021158
515 100.000000 1.019451
516 100.000000 1.018364
517 100.000000 1.017893
518 100.000000 1.016900
519 101.000000 1.014244
520 101.000000 1.013499
521 101.000000 1.012709
522 101.000000 1.012026
523 101.000000 1.010323
524 101.000000 1.009431
525 102.000000 1.009419
526 102.000000 1.006979
527 102.000000 1.006457
528 102.000000 1.004831
529 102.000000 1.004007
530 103.000000 1.001823
531 103.000000 1.001074
532 103.000000 1.000634
533 103.000000 0.999848
534 103.000000 0.999343
535 104.000000 0.999076
536 104.000000 0.996764
537 104.000000 0.993681
538 104.000000 0.992975
539 104.000000 0.992234
540 105.000000 0.991626
541 105.000000 0.991216
542 105.000000 0.990351
543 105.000000 0.989985
544 105.000000 0.989631
545 105.000000 0.989299
546 106.000000 0.988842
547 106.000000 0.988702
548 106.000000 0.988617
549 106.000000 0.988427
550 106.000000 0.986530
551 107.000000 0.985904
552 107.000000 0.985257
553 107.000000 0.984731
554 107.000000 0.984661
555 107.000000 0.984186
556 108.000000 0.984049
557 108.000000 0.983926
558 108.000000 0.983767
559 108.000000 0.983235
560 108.000000 0.982748
561 109.000000 0.981056
562 109.000000 0.980884
563 109.000000 0.980444
564 109.000000 0.980234
565 109.000000 0.979735
566 110.000000 0.979450
567 110.000000 0.979358
568 110.000000 0.979230
569 110.000000 0.978318
570 110.000000 0.977715
571 110.000000 0.975659
572 111.000000 0.975232
573 111.000000 0.973929
574 111.000000 0.973208
575 111.000000 0.971591
576 111.000000 0.970799
577 112.000000 0.969868
578 112.000000 0.969246
579 112.000000 0.968964
580 112.000000 0.968590
581 112.000000 0.968139
582 113.000000 0.967671
583 113.000000 0.967287
584 113.000000 0.966945
585 113.000000 0.966442
586 113.000000 0.966446
587 114.000000 0.966449
588 114.000000 0.966562
589 114.000000 0.966487
590 114.000000 0.966552
591 114.000000 0.966549
592 115.000000 0.966643
593 115.000000 0.966701
594 115.000000 0.966766
595 115.000000 0.965906
596 115.000000 0.966246
597 116.000000 0.966478
598 116.000000 0.966104
599 116.000000 0.966017
600 116.000000 0.965859
601 116.000000 0.965915
602 116.000000 0.964288
603 117.000000 0.963564
604 117.000000 0.962636
605 117.000000 0.962494
606 117.000000 0.962241
607 117.000000 0.962102
608 118.000000 0.962002
609 118.000000 0.962065
610 118.000000 0.962163
611 118.000000 0.962143
612 118.000000 0.960974
613 119.000000 0.960456
614 119.000000 0.960051
615 119.000000 0.959753
616 119.000000 0.958541
617 119.000000 0.957452
618 119.000000 0.956841
619 120.000000 0.956309
620 120.000000 0.955755
621 120.000000 0.955357
622 120.000000 0.953981
623 120.000000 0.953579
624 121.000000 0.953033
625 121.000000 0.952300
626 121.000000 0.952105
627 121.000000 0.950628
628 121.000000 0.950216
629 122.000000 0.949647
630 122.000000 0.949395
631 122.000000 0.949002
632 122.000000 0.948683
633 122.000000 0.947711
634 123.000000 0.947255
635 123.000000 0.946763
636 123.000000 0.946293
637 123.000000 0.946051
638 123.000000 0.944921
639 124.000000 0.944480
640 124.000000 0.943410
641 124.000000 0.943300
642 124.000000 0.943294
643 124.000000 0.942980
644 125.000000 0.943265
645 125.000000 0.943417
646 125.000000 0.943655
647 125.000000 0.942618
648 125.000000 0.941805
649 126.000000 0.941597
650 126.000000 0.941382
651 126.000000 0.940757
652 126.000000 0.938762
653 126.000000 0.937157
654 126.000000 0.936670
655 127.000000 0.935819
656 127.000000 0.935334
657 127.000000 0.934830
658 127.000000 0.934329
659 127.000000 0.933970
660 128.000000 0.931382
661 128.000000 0.929924
662 128.000000 0.929419
663 128.000000 0.928949
664 128.000000 0.928042
665 129.000000 0.927666
666 129.000000 0.927468
667 129.000000 0.926915
668 129.000000 0.926332
669 129.000000 0.926140
670 130.000000 0.925629
671 130.000000 0.925440
672 130.000000 0.925566
673 130.000000 0.924252
674 130.000000 0.923531
675 131.000000 0.923581
676 131.000000 0.923649
677 131.000000 0.923552
678 131.000000 0.921519
679 131.000000 0.921014
680 131.000000 0.919899
681 132.000000 0.919359
682 132.000000 0.918871
683 132.000000 0.918485
684 132.000000 0.918063
685 132.000000 0.917387
686 133.000000 0.917195
687 133.000000 0.916921
688 133.000000 0.916755
689 133.000000 0.916762
690 133.000000 0.916710
691 134.000000 0.916627
692 134.000000 0.916609
693 134.000000 0.916678
694 134.000000 0.916838
695 134.000000 0.916595
696 134.000000 0.916576
697 135.000000 0.916373
698 135.000000 0.914059
699 135.000000 0.913197
700 135.000000 0.912454
701 135.000000 0.911184
702 136.000000 0.910451
703 136.000000 0.909755
704 136.000000 0.907631
705 136.000000 0.906428
706 136.000000 0.905537
707 137.000000 0.903157
708 137.000000 0.902313
709 137.000000 0.901601
710 137.000000 0.899951
711 137.000000 0.898053
712 138.000000 0.896842
713 138.000000 0.895570
714 138.000000 0.894945
715 138.000000 0.892883
716 138.000000 0.892061
717 139.000000 0.891238
718 139.000000 0.888737
719 139.000000 0.887845
720 139.000000 0.886826
721 139.000000 0.886259
722 140.000000 0.885669
723 140.000000 0.884432
724 140.000000 0.884073
725 140.000000 0.883736
726 140.000000 0.881821
727 141.000000 0.881476
728 141.000000 0.881154
729 141.000000 0.880426
730 141.000000 0.879901
731 141.000000 0.879290
732 142.000000 0.879021
733 142.000000 0.878673
734 142.000000 0.878748
735 142.000000 0.878708
736 142.000000 0.878765
737 143.000000 0.878005
738 143.000000 0.877129
739 143.000000 0.876948
740 143.000000 0.876673
741 143.000000 0.876510
742 144.000000 0.876525
743 144.000000 0.876594
744 144.000000 0.876712
745 144.000000 0.876730
746 145.000000 0.876107
747 145.000000 0.875803
748 145.000000 0.875646
749 145.000000 0.875720
750 145.000000 0.875729
751 146.000000 0.875853
752 146.000000 0.875834
753 146.000000 0.875953
754 146.000000 0.875935
755 146.000000 0.875995
756 147.000000 0.876050
757 147.000000 0.875812
758 147.000000 0.876237
759 147.000000 0.875019
760 147.000000 0.874317
761 148.000000 0.874012
762 148.000000 0.873864
763 148.000000 0.873694
764 148.000000 0.872149
765 148.000000 0.871833
766 149.000000 0.871135
767 149.000000 0.870580
768 149.000000 0.870219
769 149.000000 0.870058
770 149.000000 0.869699
771 150.000000 0.869784
772 150.000000 0.869810
773 150.000000 0.869864
774 150.000000 0.869649
775 150.000000 0.869565
776 150.000000 0.869483
777 151.000000 0.869432
778 151.000000 0.868094
779 151.000000 0.867827
780 151.000000 0.867551
781 151.000000 0.867402
782 152.000000 0.866486
783 152.000000 0.866158
784 152.000000 0.865905
785 152.000000 0.865661
786 152.000000 0.865403
787 153.000000 0.865224
788 153.000000 0.865086
789 153.000000 0.864884
790 153.000000 0.864802
791 153.000000 0.864737
792 154.000000 0.864112
793 154.000000 0.863968
794 154.000000 0.862765
795 154.000000 0.862364
796 154.000000 0.861909
797 155.000000 0.861633
798 155.000000 0.860322
799 155.000000 0.859996
800 155.000000 0.859474
