1 1.000000 1.234194
2 1.000000 1.232310
3 1.000000 1.230339
4 1.000000 1.228379
5 2.000000 1.225838
6 2.000000 1.224954
7 2.000000 1.223320
8 2.000000 1.220624
9 2.000000 1.219787
10 2.000000 1.217634
11 3.000000 1.216938
12 3.000000 1.216074
13 3.000000 1.214674
14 3.000000 1.214081
15 3.000000 1.213288
16 4.000000 1.212214
17 4.000000 1.211508
18 4.000000 1.209408
19 4.000000 1.208724
20 4.000000 1.208193
21 5.000000 1.207630
22 5.000000 1.206056
23 5.000000 1.205684
24 5.000000 1.205248
25 5.000000 1.204833
26 6.000000 1.204692
27 6.000000 1.204700
28 6.000000 1.204084
29 6.000000 1.203159
30 6.000000 1.202497
31 6.000000 1.201891
32 7.000000 1.201663
33 7.000000 1.199729
34 7.000000 1.199345
35 7.000000 1.198502
36 7.000000 1.198112
37 8.000000 1.197996
38 8.000000 1.198050
39 8.000000 1.196467
40 8.000000 1.196154
41 8.000000 1.195695
42 9.000000 1.195219
43 9.000000 1.194845
44 9.000000 1.194655
45 9.000000 1.194618
46 9.000000 1.194466
47 10.000000 1.194244
48 10.000000 1.194103
49 10.000000 1.194039
50 10.000000 1.193988
51 10.000000 1.194050
52 11.000000 1.193688
53 11.000000 1.193680
54 11.000000 1.193190
55 11.000000 1.193180
56 11.000000 1.193175
57 11.000000 1.192988
58 12.000000 1.192802
59 12.000000 1.192409
60 12.000000 1.192348
61 12.000000 1.192266
62 12.000000 1.192206
63 13.000000 1.192097
64 13.000000 1.191298
65 13.000000 1.191247
66 13.000000 1.191176
67 13.000000 1.191229
68 14.000000 1.191381
69 14.000000 1.191659
70 14.000000 1.191751
71 14.000000 1.190973
72 14.000000 1.189391
73 15.000000 1.189148
74 15.000000 1.188459
75 15.000000 1.187639
76 15.000000 1.187395
77 15.000000 1.187153
78 15.000000 1.185359
79 16.000000 1.185273
80 16.000000 1.184805
81 16.000000 1.184540
82 16.000000 1.184598
83 16.000000 1.184699
84 17.000000 1.184020
85 17.000000 1.183876
86 17.000000 1.183346
87 17.000000 1.183303
88 17.000000 1.183157
89 18.000000 1.183135
90 18.000000 1.182860
91 18.000000 1.182857
92 18.000000 1.182495
93 18.000000 1.180892
94 19.000000 1.180509
95 19.000000 1.179754
96 19.000000 1.178828
97 19.000000 1.178375
98 19.000000 1.178292
99 20.000000 1.177124
100 20.000000 1.176633
101 20.000000 1.175964
102 20.000000 1.175755
103 20.000000 1.175709
104 21.000000 1.175467
105 21.000000 1.175514
106 21.000000 1.175713
107 21.000000 1.175811
108 22.000000 1.176001
109 22.000000 1.174315
110 22.000000 1.171266
111 22.000000 1.170886
112 22.000000 1.170501
113 23.000000 1.169254
114 23.000000 1.168876
115 23.000000 1.167788
116 23.000000 1.166534
117 23.000000 1.166222
118 24.000000 1.165912
119 24.000000 1.165474
120 24.000000 1.164206
121 24.000000 1.163773
122 24.000000 1.162838
123 25.000000 1.160422
124 25.000000 1.158134
125 25.000000 1.157534
126 25.000000 1.156661
127 25.000000 1.155986
128 25.000000 1.153200
129 26.000000 1.152675
130 26.000000 1.151762
131 26.000000 1.150679
132 26.000000 1.148454
133 26.000000 1.147881
134 27.000000 1.146321
135 27.000000 1.145358
136 27.000000 1.144880
137 27.000000 1.144143
138 27.000000 1.143549
139 28.000000 1.143176
140 28.000000 1.142919
141 28.000000 1.142643
142 28.000000 1.140740
143 28.000000 1.139324
144 28.000000 1.138605
145 29.000000 1.137478
146 29.000000 1.136383
147 29.000000 1.133499
148 29.000000 1.131837
149 29.000000 1.130692
150 30.000000 1.127339
151 30.000000 1.126316
152 30.000000 1.125475
153 30.000000 1.124681
154 30.000000 1.123618
155 31.000000 1.122806
156 31.000000 1.121844
157 31.000000 1.121237
158 31.000000 1.120799
159 31.000000 1.120607
160 32.000000 1.119159
161 32.000000 1.118509
162 32.000000 1.117924
163 32.000000 1.117637
164 32.000000 1.116566
165 32.000000 1.115478
166 33.000000 1.115213
167 33.000000 1.113780
168 33.000000 1.113085
169 33.000000 1.112803
170 33.000000 1.110388
171 34.000000 1.109711
172 34.000000 1.109239
173 34.000000 1.108923
174 34.000000 1.108525
175 34.000000 1.108450
176 35.000000 1.108425
177 35.000000 1.106868
178 35.000000 1.106589
179 35.000000 1.106290
180 35.000000 1.105969
181 35.000000 1.105849
182 36.000000 1.105618
183 36.000000 1.105370
184 36.000000 1.105545
185 36.000000 1.105616
186 36.000000 1.104702
187 37.000000 1.103943
188 37.000000 1.103666
189 37.000000 1.103237
190 37.000000 1.102230
191 37.000000 1.101670
192 38.000000 1.101235
193 38.000000 1.100853
194 38.000000 1.100472
195 38.000000 1.100471
196 38.000000 1.099416
197 38.000000 1.099108
198 39.000000 1.098813
199 39.000000 1.098796
200 39.000000 1.098859
201 39.000000 1.096788
202 39.000000 1.096567
203 40.000000 1.096179
204 40.000000 1.096093
205 40.000000 1.095926
206 40.000000 1.095914
207 40.000000 1.096009
208 41.000000 1.094816
209 41.000000 1.094359
210 41.000000 1.092675
211 41.000000 1.089771
212 41.000000 1.088058
213 41.000000 1.087330
214 42.000000 1.086383
215 42.000000 1.083806
216 42.000000 1.082147
217 42.000000 1.080543
218 42.000000 1.079827
219 43.000000 1.079139
220 43.000000 1.077913
221 43.000000 1.077125
222 43.000000 1.075464
223 43.000000 1.074915
224 44.000000 1.074211
225 44.000000 1.072867
226 44.000000 1.070521
227 44.000000 1.069366
228 44.000000 1.068353
229 44.000000 1.067752
230 45.000000 1.065541
231 45.000000 1.064987
232 45.000000 1.062381
233 45.000000 1.061993
234 45.000000 1.060749
235 46.000000 1.059770
236 46.000000 1.059187
237 46.000000 1.056248
238 46.000000 1.054985
239 46.000000 1.054001
240 46.000000 1.053345
241 47.000000 1.052842
242 47.000000 1.052586
243 47.000000 1.051948
244 47.000000 1.051714
245 47.000000 1.051345
246 48.000000 1.051039
247 48.000000 1.050767
248 48.000000 1.048393
249 48.000000 1.047481
250 48.000000 1.046878
251 48.000000 1.046311
252 49.000000 1.046063
253 49.000000 1.045698
254 49.000000 1.045519
255 49.000000 1.044917
256 49.000000 1.042851
257 50.000000 1.042030
258 50.000000 1.041517
259 50.000000 1.041331
260 50.000000 1.040662
261 50.000000 1.040260
262 51.000000 1.039930
263 51.000000 1.039769
264 51.000000 1.039344
265 51.000000 1.039128
266 51.000000 1.038769
267 51.000000 1.038594
268 52.000000 1.038464
269 52.000000 1.038395
270 52.000000 1.038350
271 52.000000 1.038209
272 52.000000 1.038198
273 53.000000 1.038137
274 53.000000 1.036295
275 53.000000 1.036073
276 53.000000 1.035893
277 53.000000 1.035472
278 54.000000 1.035106
279 54.000000 1.034705
280 54.000000 1.034508
281 54.000000 1.034374
282 54.000000 1.034315
283 54.000000 1.034193
284 55.000000 1.032972
285 55.000000 1.032445
286 55.000000 1.031169
287 55.000000 1.028355
288 55.000000 1.027258
289 56.000000 1.026141
290 56.000000 1.025284
291 56.000000 1.024505
292 56.000000 1.023831
293 56.000000 1.023640
294 57.000000 1.021895
295 57.000000 1.020916
296 57.000000 1.019307
297 57.000000 1.018045
298 57.000000 1.016257
299 58.000000 1.015250
300 58.000000 1.013961
301 58.000000 1.012944
302 58.000000 1.012415
303 58.000000 1.011946
304 58.000000 1.011262
305 59.000000 1.010528
306 59.000000 1.009667
307 59.000000 1.009168
308 59.000000 1.008568
309 59.000000 1.007779
310 60.000000 1.006781
311 60.000000 1.006323
312 60.000000 1.005144
313 60.000000 1.004309
314 60.000000 1.003275
315 61.000000 1.002837
316 61.000000 1.001589
317 61.000000 1.000660
318 61.000000 1.000013
319 61.000000 0.999341
320 61.000000 0.997966
321 62.000000 0.997468
322 62.000000 0.996915
323 62.000000 0.996429
324 62.000000 0.996124
325 62.000000 0.995770
326 63.000000 0.995444
327 63.000000 0.994134
328 63.000000 0.993696
329 63.000000 0.993484
330 63.000000 0.993080
331 63.000000 0.991439
332 64.000000 0.990874
333 64.000000 0.990638
334 64.000000 0.990241
335 64.000000 0.989485
336 64.000000 0.989369
337 65.000000 0.988855
338 65.000000 0.988620
339 65.000000 0.987357
340 65.000000 0.986974
341 65.000000 0.986580
342 66.000000 0.985809
343 66.000000 0.985678
344 66.000000 0.984730
345 66.000000 0.984243
346 66.000000 0.983970
347 66.000000 0.983415
348 67.000000 0.983052
349 67.000000 0.981625
350 67.000000 0.980691
351 67.000000 0.980578
352 67.000000 0.980274
353 68.000000 0.980001
354 68.000000 0.979676
355 68.000000 0.979494
356 68.000000 0.978442
357 68.000000 0.978016
358 69.000000 0.977527
359 69.000000 0.977195
360 69.000000 0.976658
361 69.000000 0.976562
362 69.000000 0.976430
363 70.000000 0.976252
364 70.000000 0.975822
365 70.000000 0.975259
366 70.000000 0.975188
367 70.000000 0.975130
368 70.000000 0.974949
369 71.000000 0.973480
370 71.000000 0.972812
371 71.000000 0.971706
372 71.000000 0.970855
373 71.000000 0.970180
374 72.000000 0.969972
375 72.000000 0.969746
376 72.000000 0.969314
377 72.000000 0.968994
378 72.000000 0.968657
379 73.000000 0.968327
380 73.000000 0.967954
381 73.000000 0.967793
382 73.000000 0.967186
383 73.000000 0.966871
384 74.000000 0.966657
385 74.000000 0.966376
386 74.000000 0.966165
387 74.000000 0.966039
388 74.000000 0.965289
389 74.000000 0.965092
390 75.000000 0.965087
391 75.000000 0.965051
392 75.000000 0.965017
393 75.000000 0.964804
394 75.000000 0.964883
395 76.000000 0.964891
396 76.000000 0.964909
397 76.000000 0.964882
398 76.000000 0.964989
399 76.000000 0.963719
400 77.000000 0.963720
401 77.000000 0.963623
402 77.000000 0.963232
403 77.000000 0.963125
404 77.000000 0.963032
405 77.000000 0.962955
406 78.000000 0.961276
407 78.000000 0.960628
408 78.000000 0.960496
409 78.000000 0.960240
410 78.000000 0.959830
411 79.000000 0.959666
412 79.000000 0.959667
413 79.000000 0.959675
414 79.000000 0.958162
415 79.000000 0.957832
416 79.000000 0.957556
417 80.000000 0.956207
418 80.000000 0.956078
419 80.000000 0.955828
420 80.000000 0.955214
421 80.000000 0.954906
422 81.000000 0.953239
423 81.000000 0.952631
424 81.000000 0.952313
425 81.000000 0.952006
426 81.000000 0.951787
427 82.000000 0.949689
428 82.000000 0.948938
429 82.000000 0.946432
430 82.000000 0.944814
431 82.000000 0.943950
432 83.000000 0.943523
433 83.000000 0.943095
434 83.000000 0.942523
435 83.000000 0.941843
436 83.000000 0.940902
437 83.000000 0.940468
438 84.000000 0.940197
439 84.000000 0.939870
440 84.000000 0.939675
441 84.000000 0.939268
442 84.000000 0.937226
443 85.000000 0.936652
444 85.000000 0.936141
445 85.000000 0.935774
446 85.000000 0.935435
447 85.000000 0.934846
448 86.000000 0.933672
449 86.000000 0.933576
450 86.000000 0.933441
451 86.000000 0.932696
452 86.000000 0.932414
453 86.000000 0.932180
454 87.000000 0.931956
455 87.000000 0.931718
456 87.000000 0.929398
457 87.000000 0.927205
458 87.000000 0.925694
459 88.000000 0.925109
460 88.000000 0.923935
461 88.000000 0.923495
462 88.000000 0.922940
463 88.000000 0.922363
464 89.000000 0.921952
465 89.000000 0.921673
466 89.000000 0.919399
467 89.000000 0.919117
468 89.000000 0.918502
469 89.000000 0.918198
470 90.000000 0.917617
471 90.000000 0.917332
472 90.000000 0.916650
473 90.000000 0.915103
474 90.000000 0.914041
475 91.000000 0.912471
476 91.000000 0.911647
477 91.000000 0.911031
478 91.000000 0.910529
479 91.000000 0.910286
480 92.000000 0.909824
481 92.000000 0.908700
482 92.000000 0.908478
483 92.000000 0.907438
484 92.000000 0.906855
485 93.000000 0.906644
486 93.000000 0.906423
487 93.000000 0.906321
488 93.000000 0.905746
489 93.000000 0.905405
490 93.000000 0.904968
491 94.000000 0.904688
492 94.000000 0.903690
493 94.000000 0.903620
494 94.000000 0.902533
495 94.000000 0.902102
496 95.000000 0.901537
497 95.000000 0.901733
498 95.000000 0.901784
499 95.000000 0.901504
500 95.000000 0.901483
501 96.000000 0.901170
502 96.000000 0.901016
503 96.000000 0.900377
504 96.000000 0.899544
505 96.000000 0.899685
506 97.000000 0.899868
507 97.000000 0.899287
508 97.000000 0.899386
509 97.000000 0.899590
510 97.000000 0.899929
511 97.000000 0.900309
512 98.000000 0.900425
513 98.000000 0.900158
514 98.000000 0.900626
515 98.000000 0.900735
516 98.000000 0.899630
517 99.000000 0.899527
518 99.000000 0.899187
519 99.000000 0.899304
520 99.000000 0.899331
521 99.000000 0.897773
522 100.000000 0.897721
523 100.000000 0.895193
524 100.000000 0.890810
525 100.000000 0.889228
526 100.000000 0.888627
527 100.000000 0.887885
528 101.000000 0.886731
529 101.000000 0.886592
530 101.000000 0.885962
531 101.000000 0.885397
532 101.000000 0.885061
533 102.000000 0.884573
534 102.000000 0.884714
535 102.000000 0.883960
536 102.000000 0.883808
537 102.000000 0.883746
538 103.000000 0.883353
539 103.000000 0.883139
540 103.000000 0.883005
541 103.000000 0.883148
542 103.000000 0.883487
543 103.000000 0.883836
544 104.000000 0.883208
545 104.000000 0.883265
546 104.000000 0.883053
547 104.000000 0.883226
548 104.000000 0.881901
549 105.000000 0.881788
550 105.000000 0.881541
551 105.000000 0.879747
552 105.000000 0.878680
553 105.000000 0.878281
554 106.000000 0.877830
555 106.000000 0.877406
556 106.000000 0.876341
557 106.000000 0.875814
558 106.000000 0.875528
559 107.000000 0.875322
560 107.000000 0.874978
561 107.000000 0.873097
562 107.000000 0.872731
563 107.000000 0.870782
564 107.000000 0.869833
565 108.000000 0.869117
566 108.000000 0.868366
567 108.000000 0.867753
568 108.000000 0.867450
569 108.000000 0.866995
570 109.000000 0.865595
571 109.000000 0.864298
572 109.000000 0.863411
573 109.000000 0.862746
574 109.000000 0.861499
575 110.000000 0.860701
576 110.000000 0.860413
577 110.000000 0.857632
578 110.000000 0.856750
579 110.000000 0.856160
580 110.000000 0.855869
581 111.000000 0.855686
582 111.000000 0.852571
583 111.000000 0.851565
584 111.000000 0.850531
585 111.000000 0.850013
586 112.000000 0.849470
587 112.000000 0.848527
588 112.000000 0.848200
589 112.000000 0.847747
590 112.000000 0.847379
591 113.000000 0.846089
592 113.000000 0.845715
593 113.000000 0.845245
594 113.000000 0.844702
595 113.000000 0.844612
596 114.000000 0.843631
597 114.000000 0.843562
598 114.000000 0.843496
599 114.000000 0.843286
600 114.000000 0.843066
601 114.000000 0.842922
602 115.000000 0.842794
603 115.000000 0.842544
604 115.000000 0.842488
605 115.000000 0.842380
606 115.000000 0.842279
607 116.000000 0.841836
608 116.000000 0.841957
609 116.000000 0.841965
610 116.000000 0.841988
611 116.000000 0.841582
612 117.000000 0.841537
613 117.000000 0.841391
614 117.000000 0.839891
615 117.000000 0.839372
616 117.000000 0.839280
617 118.000000 0.839197
618 118.000000 0.838773
619 118.000000 0.838776
620 118.000000 0.838476
621 118.000000 0.838245
622 118.000000 0.837514
623 119.000000 0.836871
624 119.000000 0.836753
625 119.000000 0.835953
626 119.000000 0.835653
627 119.000000 0.835366
628 120.000000 0.834363
629 120.000000 0.833243
630 120.000000 0.832997
631 120.000000 0.831817
632 120.000000 0.831329
633 121.000000 0.829683
634 121.000000 0.829524
635 121.000000 0.828440
636 121.000000 0.828078
637 121.000000 0.827533
638 122.000000 0.826684
639 122.000000 0.825173
640 122.000000 0.824818
641 122.000000 0.823520
642 122.000000 0.823027
643 123.000000 0.822569
644 123.000000 0.821581
645 123.000000 0.821409
646 123.000000 0.820964
647 123.000000 0.819332
648 124.000000 0.818641
649 124.000000 0.818470
650 124.000000 0.817566
651 124.000000 0.817043
652 124.000000 0.816970
653 124.000000 0.816743
654 125.000000 0.816469
655 125.000000 0.816245
656 125.000000 0.816071
657 125.000000 0.815841
658 125.000000 0.815259
659 126.000000 0.813935
660 126.000000 0.813315
661 126.000000 0.813309
662 126.000000 0.813046
663 126.000000 0.812927
664 127.000000 0.812351
665 127.000000 0.811782
666 127.000000 0.811417
667 127.000000 0.811419
668 127.000000 0.811088
669 127.000000 0.810426
670 128.000000 0.809805
671 128.000000 0.809119
672 128.000000 0.809084
673 128.000000 0.808227
674 128.000000 0.808003
675 129.000000 0.806699
676 129.000000 0.806404
677 129.000000 0.805264
678 129.000000 0.804952
679 129.000000 0.803300
680 130.000000 0.802758
681 130.000000 0.802356
682 130.000000 0.800497
683 130.000000 0.800096
684 130.000000 0.799723
685 130.000000 0.798049
686 131.000000 0.797405
687 131.000000 0.796388
688 131.000000 0.795060
689 131.000000 0.794774
690 131.000000 0.794516
691 132.000000 0.794006
692 132.000000 0.793177
693 132.000000 0.792403
694 132.000000 0.792062
695 132.000000 0.791753
696 132.000000 0.791266
697 133.000000 0.790267
698 133.000000 0.789489
699 133.000000 0.789290
700 133.000000 0.788851
701 133.000000 0.788529
702 134.000000 0.788208
703 134.000000 0.787923
704 134.000000 0.787027
705 134.000000 0.786882
706 134.000000 0.786775
707 135.000000 0.786304
708 135.000000 0.785921
709 135.000000 0.785737
710 135.000000 0.784502
711 135.000000 0.783156
712 135.000000 0.782357
713 136.000000 0.781727
714 136.000000 0.781241
715 136.000000 0.780124
716 136.000000 0.779815
717 136.000000 0.779591
718 137.000000 0.779190
719 137.000000 0.778611
720 137.000000 0.778327
721 137.000000 0.778174
722 137.000000 0.777897
723 137.000000 0.777708
724 138.000000 0.777606
725 138.000000 0.777107
726 138.000000 0.776936
727 138.000000 0.776767
728 138.000000 0.776687
729 139.000000 0.776656
730 139.000000 0.776036
731 139.000000 0.775164
732 139.000000 0.774834
733 139.000000 0.774556
734 140.000000 0.774319
735 140.000000 0.774066
736 140.000000 0.773822
737 140.000000 0.773027
738 140.000000 0.772775
739 140.000000 0.772688
740 141.000000 0.772503
741 141.000000 0.771668
742 141.000000 0.771487
743 141.000000 0.770843
744 141.000000 0.769604
745 142.000000 0.769370
746 142.000000 0.769219
747 142.000000 0.769061
748 142.000000 0.768871
749 142.000000 0.768699
750 142.000000 0.767837
751 143.000000 0.767054
752 143.000000 0.766674
753 143.000000 0.766208
754 143.000000 0.765260
755 143.000000 0.764826
756 144.000000 0.764082
757 144.000000 0.763787
758 144.000000 0.763579
759 144.000000 0.762496
760 144.000000 0.762276
761 145.000000 0.762003
762 145.000000 0.761687
763 145.000000 0.760955
764 145.000000 0.760853
765 145.000000 0.760811
766 145.000000 0.760717
767 146.000000 0.760473
768 146.000000 0.760001
769 146.000000 0.759863
770 146.000000 0.759804
771 146.000000 0.759789
772 147.000000 0.759716
773 147.000000 0.759721
774 147.000000 0.758766
775 147.000000 0.757690
776 147.000000 0.757413
777 148.000000 0.757164
778 148.000000 0.756470
779 148.000000 0.756215
780 148.000000 0.754953
781 148.000000 0.754806
782 148.000000 0.754641
783 149.000000 0.754606
784 149.000000 0.754394
785 149.000000 0.754267
786 149.000000 0.752994
787 149.000000 0.752450
788 150.000000 0.752239
789 150.000000 0.751337
790 150.000000 0.749840
791 150.000000 0.748923
792 150.000000 0.747884
793 151.000000 0.747689
794 151.000000 0.747206
795 151.000000 0.746874
796 151.000000 0.746420
797 151.000000 0.745746
798 151.000000 0.745020
799 152.000000 0.744845
800 152.000000 0.744120
