1 1.000000 1.469782
2 1.000000 1.466415
3 1.000000 1.463624
4 1.000000 1.462871
5 2.000000 1.461256
6 2.000000 1.459340
7 2.000000 1.458434
8 2.000000 1.458075
9 2.000000 1.457154
10 3.000000 1.456726
11 3.000000 1.456518
12 3.000000 1.456349
13 3.000000 1.455930
14 3.000000 1.454364
15 3.000000 1.453697
16 4.000000 1.452770
17 4.000000 1.452370
18 4.000000 1.451419
19 4.000000 1.451291
20 4.000000 1.450873
21 5.000000 1.449081
22 5.000000 1.448042
23 5.000000 1.447288
24 5.000000 1.446567
25 5.000000 1.445902
26 6.000000 1.445371
27 6.000000 1.445030
28 6.000000 1.444636
29 6.000000 1.444574
30 7.000000 1.443292
31 7.000000 1.442429
32 7.000000 1.441814
33 7.000000 1.441218
34 7.000000 1.441006
35 8.000000 1.440751
36 8.000000 1.440550
37 8.000000 1.440143
38 8.000000 1.439761
39 8.000000 1.438527
40 9.000000 1.438045
41 9.000000 1.437847
42 9.000000 1.437403
43 9.000000 1.436817
44 9.000000 1.436655
45 10.000000 1.436283
46 10.000000 1.435768
47 10.000000 1.435557
48 10.000000 1.435126
49 10.000000 1.433861
50 11.000000 1.433501
51 11.000000 1.433274
52 11.000000 1.431523
53 11.000000 1.431152
54 11.000000 1.430129
55 12.000000 1.428602
56 12.000000 1.427949
57 12.000000 1.426809
58 12.000000 1.425750
59 12.000000 1.424573
60 12.000000 1.424151
61 13.000000 1.423345
62 13.000000 1.422998
63 13.000000 1.422851
64 13.000000 1.421876
65 13.000000 1.421388
66 14.000000 1.420315
67 14.000000 1.419989
68 14.000000 1.419615
69 14.000000 1.419365
70 14.000000 1.418932
71 15.000000 1.418703
72 15.000000 1.418299
73 15.000000 1.417824
74 15.000000 1.416923
75 15.000000 1.416675
76 15.000000 1.415628
77 16.000000 1.414447
78 16.000000 1.413950
79 16.000000 1.413535
80 16.000000 1.413223
81 16.000000 1.412512
82 17.000000 1.410473
83 17.000000 1.410214
84 17.000000 1.409372
85 17.000000 1.408984
86 17.000000 1.408405
87 18.000000 1.407459
88 18.000000 1.406988
89 18.000000 1.405692
90 18.000000 1.403565
91 18.000000 1.402862
92 18.000000 1.402060
93 19.000000 1.401182
94 19.000000 1.400659
95 19.000000 1.400032
96 19.000000 1.399606
97 19.000000 1.397915
98 20.000000 1.397363
99 20.000000 1.396785
100 20.000000 1.396288
101 20.000000 1.395801
102 20.000000 1.394871
103 21.000000 1.394384
104 21.000000 1.393554
105 21.000000 1.393208
106 21.000000 1.392757
107 21.000000 1.391299
108 21.000000 1.390697
109 22.000000 1.389996
110 22.000000 1.389546
111 22.000000 1.389308
112 22.000000 1.388259
113 22.000000 1.387992
114 23.000000 1.388038
115 23.000000 1.387823
116 23.000000 1.387406
117 23.000000 1.387137
118 23.000000 1.386513
119 23.000000 1.386422
120 24.000000 1.386272
121 24.000000 1.384435
122 24.000000 1.383781
123 24.000000 1.383451
124 24.000000 1.383109
125 25.000000 1.381610
126 25.000000 1.380367
127 25.000000 1.379906
128 25.000000 1.378577
129 25.000000 1.378342
130 26.000000 1.377620
131 26.000000 1.376683
132 26.000000 1.376007
133 26.000000 1.375558
134 26.000000 1.374862
135 27.000000 1.374266
136 27.000000 1.373813
137 27.000000 1.373311
138 27.000000 1.373128
139 27.000000 1.372336
140 27.000000 1.372246
141 28.000000 1.370952
142 28.000000 1.370038
143 28.000000 1.368571
144 28.000000 1.367904
145 28.000000 1.367287
146 29.000000 1.367057
147 29.000000 1.365552
148 29.000000 1.364988
149 29.000000 1.364083
150 29.000000 1.363752
151 30.000000 1.363156
152 30.000000 1.361913
153 30.000000 1.361147
154 30.000000 1.360220
155 30.000000 1.359857
156 30.000000 1.357953
157 31.000000 1.357589
158 31.000000 1.356853
159 31.000000 1.356219
160 31.000000 1.355048
161 31.000000 1.354579
162 32.000000 1.354290
163 32.000000 1.354008
164 32.000000 1.353758
165 32.000000 1.353620
166 32.000000 1.352828
167 33.000000 1.352465
168 33.000000 1.351078
169 33.000000 1.350739
170 33.000000 1.350666
171 33.000000 1.350387
172 34.000000 1.349931
173 34.000000 1.348930
174 34.000000 1.348125
175 34.000000 1.347834
176 34.000000 1.347649
177 34.000000 1.347329
178 35.000000 1.347053
179 35.000000 1.347006
180 35.000000 1.346775
181 35.000000 1.344881
182 35.000000 1.344444
183 36.000000 1.343973
184 36.000000 1.343398
185 36.000000 1.342018
186 36.000000 1.341662
187 36.000000 1.341203
188 37.000000 1.340637
189 37.000000 1.340390
190 37.000000 1.339944
191 37.000000 1.339124
192 37.000000 1.338807
193 38.000000 1.338553
194 38.000000 1.337633
195 38.000000 1.336050
196 38.000000 1.335452
197 38.000000 1.335224
198 39.000000 1.335001
199 39.000000 1.334274
200 39.000000 1.334122
201 39.000000 1.333829
202 39.000000 1.333543
203 39.000000 1.333446
204 40.000000 1.333365
205 40.000000 1.332552
206 40.000000 1.332513
207 40.000000 1.331572
208 40.000000 1.330810
209 41.000000 1.330478
210 41.000000 1.330298
211 41.000000 1.329635
212 41.000000 1.328528
213 41.000000 1.327674
214 42.000000 1.326974
215 42.000000 1.325913
216 42.000000 1.325530
217 42.000000 1.325291
218 42.000000 1.324818
219 43.000000 1.324022
220 43.000000 1.323338
221 43.000000 1.322827
222 43.000000 1.320940
223 43.000000 1.320873
224 44.000000 1.320523
225 44.000000 1.320296
226 44.000000 1.319894
227 44.000000 1.319721
228 44.000000 1.319124
229 44.000000 1.318734
230 45.000000 1.317874
231 45.000000 1.317509
232 45.000000 1.317293
233 45.000000 1.316443
234 45.000000 1.315670
235 46.000000 1.315276
236 46.000000 1.315073
237 46.000000 1.314783
238 46.000000 1.313968
239 46.000000 1.313542
240 47.000000 1.313201
241 47.000000 1.312527
242 47.000000 1.312065
243 47.000000 1.311808
244 47.000000 1.311651
245 48.000000 1.311625
246 48.000000 1.311333
247 48.000000 1.310341
248 48.000000 1.310122
249 48.000000 1.309185
250 48.000000 1.308838
251 49.000000 1.307960
252 49.000000 1.307069
253 49.000000 1.306217
254 49.000000 1.304956
255 49.000000 1.304621
256 50.000000 1.303297
257 50.000000 1.302863
258 50.000000 1.302325
259 50.000000 1.301965
260 50.000000 1.300626
261 51.000000 1.298154
262 51.000000 1.297669
263 51.000000 1.297422
264 51.000000 1.296668
265 51.000000 1.296097
266 52.000000 1.294866
267 52.000000 1.294143
268 52.000000 1.293697
269 52.000000 1.293780
270 52.000000 1.293138
271 52.000000 1.292972
272 53.000000 1.292677
273 53.000000 1.292225
274 53.000000 1.291823
275 53.000000 1.290657
276 53.000000 1.290322
277 54.000000 1.290043
278 54.000000 1.289255
279 54.000000 1.288723
280 54.000000 1.287883
281 54.000000 1.287497
282 54.000000 1.286581
283 55.000000 1.285302
284 55.000000 1.285002
285 55.000000 1.284490
286 55.000000 1.284026
287 55.000000 1.283420
288 56.000000 1.282099
289 56.000000 1.281035
290 56.000000 1.280277
291 56.000000 1.279604
292 56.000000 1.278572
293 57.000000 1.277858
294 57.000000 1.277215
295 57.000000 1.276087
296 57.000000 1.274901
297 57.000000 1.274013
298 57.000000 1.273732
299 58.000000 1.273479
300 58.000000 1.272282
301 58.000000 1.271956
302 58.000000 1.271077
303 58.000000 1.270706
304 59.000000 1.269734
305 59.000000 1.269313
306 59.000000 1.269094
307 59.000000 1.268693
308 59.000000 1.268404
309 60.000000 1.267366
310 60.000000 1.266699
311 60.000000 1.265675
312 60.000000 1.264837
313 60.000000 1.264822
314 60.000000 1.264379
315 61.000000 1.263745
316 61.000000 1.262967
317 61.000000 1.262218
318 61.000000 1.261977
319 61.000000 1.261007
320 62.000000 1.260763
321 62.000000 1.259960
322 62.000000 1.259625
323 62.000000 1.259308
324 62.000000 1.258886
325 62.000000 1.258478
326 63.000000 1.258180
327 63.000000 1.257966
328 63.000000 1.257776
329 63.000000 1.257736
330 63.000000 1.256695
331 64.000000 1.256441
332 64.000000 1.255598
333 64.000000 1.255350
334 64.000000 1.254860
335 64.000000 1.254838
336 65.000000 1.254708
337 65.000000 1.254582
338 65.000000 1.254056
339 65.000000 1.252791
340 65.000000 1.252014
341 65.000000 1.251794
342 66.000000 1.251457
343 66.000000 1.250708
344 66.000000 1.250275
345 66.000000 1.249728
346 66.000000 1.248838
347 67.000000 1.248555
348 67.000000 1.248094
349 67.000000 1.247124
350 67.000000 1.246343
351 67.000000 1.245812
352 67.000000 1.245268
353 68.000000 1.244965
354 68.000000 1.244764
355 68.000000 1.244657
356 68.000000 1.244486
357 68.000000 1.243405
358 69.000000 1.242045
359 69.000000 1.241013
360 69.000000 1.240265
361 69.000000 1.239948
362 69.000000 1.239253
363 70.000000 1.238825
364 70.000000 1.237582
365 70.000000 1.237141
366 70.000000 1.236800
367 70.000000 1.236487
368 70.000000 1.235720
369 71.000000 1.234716
370 71.000000 1.234235
371 71.000000 1.233966
372 71.000000 1.233589
373 71.000000 1.233325
374 72.000000 1.232991
375 72.000000 1.232682
376 72.000000 1.232299
377 72.000000 1.231989
378 72.000000 1.231546
379 73.000000 1.230496
380 73.000000 1.228465
381 73.000000 1.227534
382 73.000000 1.227201
383 73.000000 1.226791
384 73.000000 1.225892
385 74.000000 1.224952
386 74.000000 1.224632
387 74.000000 1.224328
388 74.000000 1.223670
389 74.000000 1.222972
390 75.000000 1.222656
391 75.000000 1.221956
392 75.000000 1.220686
393 75.000000 1.219995
394 75.000000 1.219456
395 75.000000 1.218256
396 76.000000 1.216822
397 76.000000 1.216473
398 76.000000 1.216083
399 76.000000 1.215813
400 76.000000 1.215780
401 77.000000 1.215470
402 77.000000 1.214613
403 77.000000 1.214281
404 77.000000 1.213362
405 77.000000 1.213042
406 78.000000 1.212668
407 78.000000 1.212317
408 78.000000 1.212145
409 78.000000 1.211619
410 78.000000 1.211105
411 78.000000 1.210993
412 79.000000 1.209812
413 79.000000 1.209615
414 79.000000 1.208690
415 79.000000 1.208539
416 79.000000 1.208143
417 80.000000 1.207851
418 80.000000 1.207551
419 80.000000 1.207387
420 80.000000 1.206976
421 80.000000 1.206573
422 81.000000 1.206484
423 81.000000 1.206264
424 81.000000 1.205241
425 81.000000 1.204905
426 81.000000 1.204575
427 81.000000 1.204379
428 82.000000 1.203459
429 82.000000 1.203141
430 82.000000 1.202719
431 82.000000 1.202371
432 82.000000 1.202217
433 83.000000 1.201981
434 83.000000 1.201689
435 83.000000 1.201493
436 83.000000 1.200905
437 83.000000 1.200767
438 83.000000 1.200444
439 84.000000 1.200143
440 84.000000 1.200065
441 84.000000 1.199775
442 84.000000 1.199645
443 84.000000 1.199468
444 85.000000 1.199413
445 85.000000 1.199361
446 85.000000 1.198374
447 85.000000 1.198268
448 85.000000 1.196592
449 86.000000 1.196141
450 86.000000 1.193993
451 86.000000 1.193741
452 86.000000 1.192422
453 86.000000 1.192074
454 86.000000 1.190914
455 87.000000 1.189988
456 87.000000 1.189703
457 87.000000 1.189287
458 87.000000 1.188938
459 87.000000 1.188759
460 88.000000 1.188679
461 88.000000 1.188524
462 88.000000 1.188028
463 88.000000 1.187566
464 88.000000 1.187319
465 88.000000 1.185623
466 89.000000 1.185277
467 89.000000 1.183311
468 89.000000 1.183056
469 89.000000 1.182808
470 89.000000 1.182474
471 90.000000 1.181777
472 90.000000 1.179959
473 90.000000 1.179718
474 90.000000 1.179076
475 90.000000 1.178232
476 91.000000 1.177071
477 91.000000 1.176529
478 91.000000 1.176178
479 91.000000 1.175845
480 91.000000 1.175563
481 91.000000 1.174797
482 92.000000 1.174377
483 92.000000 1.172474
484 92.000000 1.171927
485 92.000000 1.171707
486 92.000000 1.171087
487 93.000000 1.170689
488 93.000000 1.169615
489 93.000000 1.169411
490 93.000000 1.168110
491 93.000000 1.167465
492 94.000000 1.166258
493 94.000000 1.164914
494 94.000000 1.164500
495 94.000000 1.163787
496 94.000000 1.162477
497 94.000000 1.161176
498 95.000000 1.159945
499 95.000000 1.159339
500 95.000000 1.158316
501 95.000000 1.157932
502 95.000000 1.155816
503 96.000000 1.155386
504 96.000000 1.155072
505 96.000000 1.154556
506 96.000000 1.154203
507 96.000000 1.153580
508 96.000000 1.153310
509 97.000000 1.152543
510 97.000000 1.152136
511 97.000000 1.151932
512 97.000000 1.151064
513 97.000000 1.150865
514 98.000000 1.150654
515 98.000000 1.150195
516 98.000000 1.149318
517 98.000000 1.148956
518 98.000000 1.147065
519 99.000000 1.146823
520 99.000000 1.145198
521 99.000000 1.144833
522 99.000000 1.144666
523 99.000000 1.144256
524 99.000000 1.144043
525 100.000000 1.142921
526 100.000000 1.142784
527 100.000000 1.142560
528 100.000000 1.142408
529 100.000000 1.140443
530 101.000000 1.139924
531 101.000000 1.139600
532 101.000000 1.137826
533 101.000000 1.137569
534 101.000000 1.137024
535 101.000000 1.136957
536 102.000000 1.136385
537 102.000000 1.135272
538 102.000000 1.134750
539 102.000000 1.134397
540 102.000000 1.133612
541 103.000000 1.133380
542 103.000000 1.133135
543 103.000000 1.132011
544 103.000000 1.131691
545 103.000000 1.129613
546 104.000000 1.129152
547 104.000000 1.128275
548 104.000000 1.127788
549 104.000000 1.127495
550 104.000000 1.127132
551 104.000000 1.126659
552 105.000000 1.126341
553 105.000000 1.125844
554 105.000000 1.124501
555 105.000000 1.124389
556 105.000000 1.124246
557 106.000000 1.124291
558 106.000000 1.123604
559 106.000000 1.123580
560 106.000000 1.123426
561 106.000000 1.121891
562 107.000000 1.121138
563 107.000000 1.120294
564 107.000000 1.119309
565 107.000000 1.118976
566 107.000000 1.118665
567 107.000000 1.116460
568 108.000000 1.115285
569 108.000000 1.114792
570 108.000000 1.114513
571 108.000000 1.113904
572 108.000000 1.112765
573 109.000000 1.112589
574 109.000000 1.112312
575 109.000000 1.112133
576 109.000000 1.111818
577 109.000000 1.110739
578 109.000000 1.110511
579 110.000000 1.110107
580 110.000000 1.109098
581 110.000000 1.108868
582 110.000000 1.107494
583 110.000000 1.107173
584 111.000000 1.106303
585 111.000000 1.106105
586 111.000000 1.104454
587 111.000000 1.103694
588 111.000000 1.103079
589 112.000000 1.102507
590 112.000000 1.102227
591 112.000000 1.101587
592 112.000000 1.101428
593 112.000000 1.099847
594 113.000000 1.099481
595 113.000000 1.098998
596 113.000000 1.097529
597 113.000000 1.095498
598 113.000000 1.094360
599 113.000000 1.093836
600 114.000000 1.093014
601 114.000000 1.092700
602 114.000000 1.091647
603 114.000000 1.091502
604 114.000000 1.091143
605 115.000000 1.090719
606 115.000000 1.090217
607 115.000000 1.089885
608 115.000000 1.088853
609 115.000000 1.088531
610 116.000000 1.088136
611 116.000000 1.087650
612 116.000000 1.087561
613 116.000000 1.087299
614 116.000000 1.087031
615 117.000000 1.086580
616 117.000000 1.086198
617 117.000000 1.085946
618 117.000000 1.084054
619 117.000000 1.082929
620 117.000000 1.082102
621 118.000000 1.080110
622 118.000000 1.078069
623 118.000000 1.077577
624 118.000000 1.077050
625 118.000000 1.075706
626 119.000000 1.075420
627 119.000000 1.075055
628 119.000000 1.073283
629 119.000000 1.072365
630 119.000000 1.071544
631 119.000000 1.071351
632 120.000000 1.071160
633 120.000000 1.070763
634 120.000000 1.070180
635 120.000000 1.069199
636 120.000000 1.069060
637 121.000000 1.068781
638 121.000000 1.068605
639 121.000000 1.068319
640 121.000000 1.068221
641 121.000000 1.068026
642 122.000000 1.067419
643 122.000000 1.066341
644 122.000000 1.066036
645 122.000000 1.064179
646 122.000000 1.063361
647 123.000000 1.062450
648 123.000000 1.062110
649 123.000000 1.061920
650 123.000000 1.061266
651 123.000000 1.060946
652 124.000000 1.060670
653 124.000000 1.060263
654 124.000000 1.060143
655 124.000000 1.059673
656 124.000000 1.059509
657 124.000000 1.059434
658 125.000000 1.059329
659 125.000000 1.059208
660 125.000000 1.059083
661 125.000000 1.059046
662 125.000000 1.058985
663 126.000000 1.058559
664 126.000000 1.058150
665 126.000000 1.057313
666 126.000000 1.057168
667 126.000000 1.056733
668 127.000000 1.056582
669 127.000000 1.056239
670 127.000000 1.055956
671 127.000000 1.055882
672 127.000000 1.055017
673 127.000000 1.054896
674 128.000000 1.054783
675 128.000000 1.054617
676 128.000000 1.053908
677 128.000000 1.053068
678 128.000000 1.052593
679 129.000000 1.051495
680 129.000000 1.051327
681 129.000000 1.050805
682 129.000000 1.050558
683 129.000000 1.050010
684 130.000000 1.049805
685 130.000000 1.049380
686 130.000000 1.048871
687 130.000000 1.048414
688 130.000000 1.048047
689 131.000000 1.046588
690 131.000000 1.045486
691 131.000000 1.045131
692 131.000000 1.044324
693 131.000000 1.044163
694 132.000000 1.044047
695 132.000000 1.043752
696 132.000000 1.043534
697 132.000000 1.042604
698 132.000000 1.042376
699 132.000000 1.042113
700 133.000000 1.042019
701 133.000000 1.041397
702 133.000000 1.040291
703 133.000000 1.039927
704 133.000000 1.039722
705 134.000000 1.039360
706 134.000000 1.039081
707 134.000000 1.038858
708 134.000000 1.037993
709 134.000000 1.037161
710 135.000000 1.037014
711 135.000000 1.036580
712 135.000000 1.036339
713 135.000000 1.035858
714 135.000000 1.035844
715 135.000000 1.035710
716 136.000000 1.035233
717 136.000000 1.034545
718 136.000000 1.032869
719 136.000000 1.032631
720 136.000000 1.031956
721 137.000000 1.031641
722 137.000000 1.031483
723 137.000000 1.031112
724 137.000000 1.030920
725 137.000000 1.030695
726 138.000000 1.030502
727 138.000000 1.030267
728 138.000000 1.030151
729 138.000000 1.029602
730 138.000000 1.028846
731 138.000000 1.028588
732 139.000000 1.028208
733 139.000000 1.028048
734 139.000000 1.027846
735 139.000000 1.027588
736 139.000000 1.027381
737 140.000000 1.026565
738 140.000000 1.026351
739 140.000000 1.025500
740 140.000000 1.024260
741 140.000000 1.024218
742 141.000000 1.024071
743 141.000000 1.023814
744 141.000000 1.023230
745 141.000000 1.022943
746 141.000000 1.022105
747 142.000000 1.021913
748 142.000000 1.020897
749 142.000000 1.019768
750 142.000000 1.019275
751 142.000000 1.018757
752 142.000000 1.017189
753 143.000000 1.016934
754 143.000000 1.016649
755 143.000000 1.016314
756 143.000000 1.015222
757 143.000000 1.014822
758 144.000000 1.014462
759 144.000000 1.012667
760 144.000000 1.012381
761 144.000000 1.012011
762 144.000000 1.011313
763 145.000000 1.010307
764 145.000000 1.009942
765 145.000000 1.009830
766 145.000000 1.009976
767 145.000000 1.010019
768 146.000000 1.009778
769 146.000000 1.009621
770 146.000000 1.009545
771 146.000000 1.009412
772 146.000000 1.008044
773 146.000000 1.007612
774 147.000000 1.007048
775 147.000000 1.006489
776 147.000000 1.006204
777 147.000000 1.005885
778 147.000000 1.005660
779 148.000000 1.005363
780 148.000000 1.005122
781 148.000000 1.004938
782 148.000000 1.004617
783 148.000000 1.004353
784 149.000000 1.003158
785 149.000000 1.001939
786 149.000000 1.000903
787 149.000000 1.000354
788 149.000000 0.999276
789 150.000000 0.998620
790 150.000000 0.996885
791 150.000000 0.996118
792 150.000000 0.995596
793 150.000000 0.995138
794 151.000000 0.994245
795 151.000000 0.994001
796 151.000000 0.993868
797 151.000000 0.993700
798 151.000000 0.993471
799 151.000000 0.993223
800 152.000000 0.992848
