1 1.000000 1.809835
2 1.000000 1.308242
3 2.000000 1.339982
4 3.000000 0.572987
5 3.000000 0.543205
6 4.000000 0.053922
7 4.000000 0.001021
8 5.000000 0.000711
9 5.000000 0.000565
10 6.000000 0.000476
11 6.000000 0.000415
12 7.000000 0.000369
13 8.000000 0.000334
14 8.000000 0.000306
15 9.000000 0.000283
16 9.000000 0.000263
17 10.000000 0.000247
18 11.000000 0.000232
19 11.000000 0.000220
20 12.000000 0.000209
21 13.000000 0.000199
22 13.000000 0.000190
23 14.000000 0.000182
24 15.000000 0.000175
25 15.000000 0.000168
26 16.000000 0.000162
27 16.000000 0.000156
28 17.000000 0.000151
29 18.000000 0.000146
30 18.000000 0.000142
31 19.000000 0.000138
32 20.000000 0.000134
33 21.000000 0.000130
34 21.000000 0.000127
35 22.000000 0.000124
36 23.000000 0.000120
37 23.000000 0.000118
38 24.000000 0.000115
39 24.000000 0.000112
40 25.000000 0.000110
41 25.000000 0.000107
42 26.000000 0.000105
43 26.000000 0.000103
44 27.000000 0.000101
45 27.000000 0.000099
