1 0.000000 1.898899
2 1.000000 1.201818
3 1.000000 0.888838
4 2.000000 0.601702
5 2.000000 0.312873
6 3.000000 0.057461
7 3.000000 0.005406
8 4.000000 0.001054
9 5.000000 0.000663
10 5.000000 0.000531
11 6.000000 0.000452
12 6.000000 0.000397
13 7.000000 0.000356
14 7.000000 0.000324
15 8.000000 0.000297
16 9.000000 0.000275
17 9.000000 0.000257
18 10.000000 0.000241
19 10.000000 0.000227
20 11.000000 0.000215
21 11.000000 0.000204
22 12.000000 0.000194
23 12.000000 0.000185
24 13.000000 0.000177
25 14.000000 0.000170
26 14.000000 0.000163
27 15.000000 0.000157
28 15.000000 0.000152
29 16.000000 0.000146
30 16.000000 0.000142
31 17.000000 0.000137
32 18.000000 0.000133
33 18.000000 0.000129
34 19.000000 0.000125
35 19.000000 0.000122
36 20.000000 0.000118
37 20.000000 0.000115
38 21.000000 0.000112
39 21.000000 0.000110
40 22.000000 0.000107
41 22.000000 0.000105
42 23.000000 0.000102
43 23.000000 0.000100
