1 1.000000 1.899122
2 2.000000 1.465633
3 2.000000 1.215642
4 3.000000 0.899608
5 4.000000 0.461393
6 5.000000 0.078830
7 5.000000 0.032757
8 6.000000 0.025993
9 7.000000 0.025579
10 7.000000 0.025451
11 8.000000 0.025370
12 9.000000 0.025310
13 10.000000 0.025262
14 10.000000 0.025219
15 11.000000 0.025177
16 12.000000 0.025132
17 13.000000 0.025077
18 13.000000 0.024997
19 14.000000 0.024846
20 15.000000 0.024419
21 15.000000 0.021562
22 16.000000 0.002456
23 17.000000 0.000404
24 18.000000 0.000288
25 18.000000 0.000238
26 19.000000 0.000209
27 20.000000 0.000189
28 20.000000 0.000175
29 21.000000 0.000164
30 22.000000 0.000154
31 23.000000 0.000147
32 23.000000 0.000140
33 24.000000 0.000134
34 25.000000 0.000129
35 25.000000 0.000124
36 26.000000 0.000120
37 26.000000 0.000116
38 27.000000 0.000112
39 27.000000 0.000109
40 28.000000 0.000106
41 29.000000 0.000103
42 29.000000 0.000100
43 30.000000 0.000098
