1 1.000000 1.741511
2 1.000000 1.571880
3 2.000000 1.224493
4 2.000000 1.192231
5 3.000000 0.445671
6 4.000000 0.091617
7 4.000000 0.019369
8 5.000000 0.003259
9 5.000000 0.001394
10 6.000000 0.000968
11 6.000000 0.000764
12 7.000000 0.000639
13 7.000000 0.000554
14 8.000000 0.000490
15 8.000000 0.000441
16 9.000000 0.000402
17 9.000000 0.000369
18 10.000000 0.000342
19 11.000000 0.000319
20 11.000000 0.000299
21 12.000000 0.000282
22 12.000000 0.000266
23 13.000000 0.000253
24 13.000000 0.000240
25 14.000000 0.000229
26 14.000000 0.000219
27 15.000000 0.000210
28 15.000000 0.000202
29 16.000000 0.000194
30 16.000000 0.000187
31 17.000000 0.000181
32 17.000000 0.000174
33 18.000000 0.000169
34 18.000000 0.000164
35 19.000000 0.000159
36 20.000000 0.000154
37 20.000000 0.000150
38 21.000000 0.000145
39 21.000000 0.000142
40 22.000000 0.000138
41 22.000000 0.000134
42 23.000000 0.000131
43 23.000000 0.000128
44 24.000000 0.000125
45 24.000000 0.000122
46 25.000000 0.000119
47 25.000000 0.000117
48 26.000000 0.000114
49 26.000000 0.000112
50 27.000000 0.000110
51 27.000000 0.000108
52 28.000000 0.000105
53 29.000000 0.000103
54 29.000000 0.000102
55 30.000000 0.000100
