1 1.000000 1.814711
2 1.000000 1.673622
3 2.000000 0.981291
4 2.000000 0.630580
5 3.000000 0.184667
6 3.000000 0.056651
7 4.000000 0.006301
8 5.000000 0.001191
9 5.000000 0.000724
10 6.000000 0.000576
11 6.000000 0.000490
12 7.000000 0.000430
13 7.000000 0.000385
14 8.000000 0.000350
15 8.000000 0.000321
16 9.000000 0.000298
17 9.000000 0.000278
18 10.000000 0.000261
19 10.000000 0.000246
20 11.000000 0.000233
21 11.000000 0.000221
22 12.000000 0.000211
23 12.000000 0.000201
24 13.000000 0.000193
25 13.000000 0.000185
26 14.000000 0.000178
27 14.000000 0.000172
28 15.000000 0.000166
29 15.000000 0.000160
30 16.000000 0.000155
31 16.000000 0.000150
32 17.000000 0.000146
33 17.000000 0.000141
34 18.000000 0.000137
35 18.000000 0.000134
36 19.000000 0.000130
37 19.000000 0.000127
38 20.000000 0.000124
39 20.000000 0.000121
40 21.000000 0.000118
41 21.000000 0.000116
42 22.000000 0.000113
43 22.000000 0.000111
44 23.000000 0.000108
45 23.000000 0.000106
46 24.000000 0.000104
47 24.000000 0.000102
48 25.000000 0.000100
49 26.000000 0.000098
